0.0248993,1.341105E-07
0.0405643,2.691522E-07
0.0645359,2.691522E-07
0.0807041,3.017485E-07
0.1006322,3.362074E-07
0.121567,3.017485E-07
0.1440315,7.301569E-07
0.1663261,4.507601E-07
0.178277,1.416542E-06
0.1928774,2.236106E-06
0.2059193,2.236106E-06
0.2292812,3.465451E-06
0.2421549,7.832423E-07
0.2566442,4.926696E-07
0.2781066,4.926696E-07
0.3000852,4.107133E-07
0.3222123,3.017485E-07
0.3447229,4.507601E-07
0.3574193,2.384186E-07
0.371763,2.384186E-07
0.3863987,3.72529E-07
0.4088054,3.72529E-07
0.4209548,4.507601E-07
0.4347156,4.507601E-07
0.4561985,4.107133E-07
0.4790283,6.295741E-07
0.5008679,1.825392E-07
0.5130632,1.825392E-07
0.5261544,1.825392E-07
0.5382911,2.691522E-07
0.562938,1.825392E-07
0.5758825,1.825392E-07
0.589849,1.825392E-07
0.6025136,2.095476E-07
0.6231459,1.825392E-07
0.6465734,1.573935E-07
0.6687724,1.1269E-07
0.6825099,1.825392E-07
0.6985417,1.825392E-07
0.7111174,1.341105E-07
0.7338654,1.825392E-07
0.745902,2.384186E-07
0.7695273,2.384186E-07
0.791868,2.095476E-07
0.813592,2.384186E-07
0.8359021,2.095476E-07
0.8482535,2.095476E-07
0.8617721,3.362074E-07
0.8745027,5.820766E-07
0.8980345,5.820766E-07
0.9138342,1.825392E-07
0.9265908,1.825392E-07
0.9386613,2.691522E-07
0.958844,2.095476E-07
0.9806875,1.825392E-07
0.9927763,1.573935E-07
1.006931,1.573935E-07
1.0212691,1.573935E-07
1.0347634,1.825392E-07
1.0565361,2.095476E-07
1.0693279,1.825392E-07
1.0815172,2.384186E-07
1.1040504,2.384186E-07
1.1269032,1.573935E-07
1.1408097,1.341105E-07
1.1564274,1.1269E-07
1.1712123,1.1269E-07
1.1858642,1.825392E-07
1.2081041,1.573935E-07
1.2260096,1.573935E-07
1.2379683,1.825392E-07
1.2599532,1.341105E-07
1.2825386,1.573935E-07
1.3058544,1.341105E-07
1.3209725,2.095476E-07
1.3355517,2.095476E-07
1.3478175,1.573935E-07
1.3703772,1.573935E-07
1.3830111,1.1269E-07
1.405141,1.1269E-07
1.4279013,2.095476E-07
1.4500753,1.573935E-07
1.4723846,1.341105E-07
1.4854822,1.341105E-07
1.497979,1.341105E-07
1.5103904,1.341105E-07
1.5242348,1.341105E-07
1.5462504,1.341105E-07
1.5623237,1.573935E-07
1.5773484,1.341105E-07
1.5946033,1.341105E-07
1.6181588,1.1269E-07
1.6408779,1.341105E-07
1.6566526,1.341105E-07
1.6716441,1.573935E-07
1.6838675,1.341105E-07
1.7065408,1.341105E-07
1.7187589,1.825392E-07
1.7404618,1.573935E-07
1.7632454,1.341105E-07
1.7856986,1.825392E-07
1.8007349,1.341105E-07
1.8130134,1.1269E-07
1.8262072,1.1269E-07
1.8393115,1.573935E-07
1.8526598,1.341105E-07
1.8751391,1.341105E-07
1.8964068,1.573935E-07
1.9191711,1.341105E-07
1.9415612,1.341105E-07
1.9539564,1.573935E-07
1.9668455,1.573935E-07
1.9810154,1.573935E-07
1.9968289,2.095476E-07
2.009083,3.017485E-07
2.0314428,1.825392E-07
2.0458073,3.362074E-07
2.0583542,3.362074E-07
2.0707599,2.691522E-07
2.0838924,3.72529E-07
2.0989513,3.72529E-07
2.1108274,4.926696E-07
2.1236679,4.926696E-07
2.1426306,2.095476E-07
2.1651325,2.691522E-07
2.1887394,2.691522E-07
2.2009259,3.362074E-07
2.2139678,1.825392E-07
2.2286627,1.825392E-07
2.2416845,3.017485E-07
2.2539464,2.095476E-07
2.2667143,2.095476E-07
2.2799332,2.691522E-07
2.3001335,2.691522E-07
2.3257356,2.691522E-07
2.3411509,2.095476E-07
2.3535726,3.362074E-07
2.3677016,3.017485E-07
2.3804659,3.017485E-07
2.4003147,3.72529E-07
2.4227493,4.507601E-07
2.4449997,2.691522E-07
2.4572912,1.341105E-07
2.4694311,1.341105E-07
2.4919866,1.1269E-07
2.5044809,1.573935E-07
2.5181275,1.341105E-07
2.5308005,9.313226E-08
2.5466228,9.313226E-08
2.5589217,1.341105E-07
2.5728081,1.341105E-07
2.5902482,1.341105E-07
2.6143128,1.341105E-07
2.637119,1.341105E-07
2.6515862,1.573935E-07
2.6654539,1.1269E-07
2.6778766,1.1269E-07
2.6905464,1.573935E-07
2.7030971,1.573935E-07
2.7245091,1.573935E-07
2.7461273,4.563481E-06
2.7623737,2.095476E-05
2.7855421,3.326777E-05
2.7984221,8.437876E-05
2.8125313,0.0002365708
2.8253973,0.0002365708
2.8467084,0.02668668
2.8689419,0.06833705
2.8913338,0.07163072
2.9146791,0.04340702
2.9266007,0.02786601
2.9420855,0.02786601
2.9638138,0.004602344
2.979282,0.004752615
2.992265,0.006540213
3.0061746,0.01379736
3.0256162,0.01379736
3.0474752,0.01826061
3.0705935,0.03115708
3.0834252,0.02029373
3.0987252,0.02890456
3.1240696,0.02159199
3.1363745,0.02531875
3.1513857,0.02531875
3.1638056,0.02850129
3.1825644,0.02846009
3.2049461,0.0204942
3.2195194,0.02445222
3.2322929,0.01974107
3.2444,0.01974107
3.2570861,0.01974107
3.281289,0.01485649
3.2938629,0.01599336
3.3158034,0.01409287
3.3381583,0.02059919
3.3608418,0.02028503
3.3739598,0.01624909
3.3893071,0.02109267
3.4040475,0.02109267
3.4194403,0.01716413
3.4418967,0.01423087
3.4558758,0.01161169
3.4685185,0.01161169
3.4824751,0.0144795
3.4946358,0.01990435
3.5078801,0.01990435
3.5280896,0.01431108
3.5503693,0.01012367
3.5729654,0.009089127
3.5876755,0.006634333
3.6115931,0.005704933
3.6249812,0.004169956
3.6407975,0.004169956
3.6537957,0.00325326
3.6743162,0.001864717
3.6965134,0.002034459
3.7181672,0.001343341
3.7326598,0.001078263
3.7452154,0.001078263
3.7665974,0.001786486
3.779476,0.001325504
3.7917679,0.0006936202
3.8060813,0.0006936202
3.8189592,0.0008690692
3.8307845,0.0005666167
3.8522198,0.0005666167
3.8745587,0.000643135
3.8974252,0.0003568465
3.9220075,0.0001730034
3.9380583,0.0001431108
3.9509662,9.358767E-05
3.9649386,7.40625E-05
3.9866605,7.40625E-05
4.0081564,3.577769E-05
4.030984,2.180133E-05
4.0429988,2.180133E-05
4.057516,2.72328E-05
4.0719045,3.291667E-05
4.0939385,3.291667E-05
4.1071023,3.837887E-05
4.1221372,4.466716E-05
4.1434099,3.084913E-05
4.1650796,1.985207E-05
4.1869083,1.455192E-05
4.2101436,8.405186E-06
4.2251552,6.262213E-06
4.2380508,6.262213E-06
4.2616726,7.049181E-06
4.2747902,4.694797E-06
4.2879637,7.049181E-06
4.3021716,6.888062E-06
4.3217655,6.888062E-06
4.3433604,3.696419E-06
4.365649,3.934838E-06
4.3792455,3.580004E-06
4.3923607,2.518296E-06
4.404776,2.518296E-06
4.4282268,3.025867E-06
4.4431788,3.241934E-06
4.4553049,6.571412E-06
4.468479,6.571412E-06
4.4889037,5.379319E-06
4.5112423,2.616085E-06
4.5338598,1.274981E-06
4.5473068,1.34483E-06
4.5596414,1.34483E-06
4.5816485,1.970679E-06
4.5950984,2.057292E-06
4.6072538,1.416542E-06
4.620552,1.416542E-06
4.633864,8.381903E-07
4.6476023,1.14087E-06
4.6678714,1.565553E-06
4.6897985,1.565553E-06
4.7270694,1.206994E-06
4.7419646,6.295741E-07
4.7636449,6.295741E-07
4.7785507,6.295741E-07
4.7908306,4.926696E-07
4.8049356,4.926696E-07
4.8239163,4.507601E-07
4.8459999,4.107133E-07
4.8601751,4.107133E-07
4.8741455,3.017485E-07
4.8885491,1.573935E-07
4.9108719,3.017485E-07
4.9237734,1.825392E-07
4.9359923,1.825392E-07
4.9582138,1.825392E-07
4.9809308,1.341105E-07
5.0022648,1.1269E-07
5.0155842,1.825392E-07
5.0290891,1.825392E-07
5.0414589,1.341105E-07
5.0637471,1.573935E-07
5.0790746,1.573935E-07
5.0921309,1.1269E-07
5.105992,1.1269E-07
5.1252321,1.825392E-07
5.1479227,1.825392E-07
5.1707306,1.573935E-07
5.1833444,1.573935E-07
5.1960968,1.573935E-07
5.2098756,1.573935E-07
5.2326314,1.341105E-07
5.2459674,1.341105E-07
5.259626,1.341105E-07
5.2746615,1.573935E-07
5.2931221,1.341105E-07
5.3154991,1.573935E-07
5.3374823,1.573935E-07
5.3517192,1.825392E-07
5.3638154,1.825392E-07
5.3856836,1.341105E-07
5.398783,2.095476E-07
5.411962,2.095476E-07
5.4242842,2.095476E-07
5.4392972,2.691522E-07
5.4526857,1.573935E-07
5.4717905,1.573935E-07
5.4945268,1.341105E-07
5.5165238,2.384186E-07
5.5297765,1.825392E-07
5.5529001,1.573935E-07
5.5678355,1.341105E-07
5.5801411,1.341105E-07
5.5950286,1.341105E-07
5.6175833,1.573935E-07
5.6385764,1.573935E-07
5.6621181,2.095476E-07
5.6838855,2.384186E-07
5.6970205,1.341105E-07
5.7227883,1.341105E-07
5.7357043,1.1269E-07
5.7493682,1.1269E-07
5.7625324,1.573935E-07
5.7840833,1.573935E-07
5.8074618,2.095476E-07
5.8296428,2.095476E-07
5.8521312,1.341105E-07
5.8650032,1.341105E-07
5.8889631,1.341105E-07
5.9043929,1.573935E-07
5.9178674,1.573935E-07
5.9312249,1.825392E-07
5.9522708,1.573935E-07
5.9753313,1.573935E-07
5.9962319,1.825392E-07
6.009436,1.573935E-07
6.0223421,1.341105E-07
6.0374038,1.825392E-07
6.0595386,1.825392E-07
6.0725523,1.825392E-07
6.0852426,1.825392E-07
6.1080177,2.095476E-07
6.1306451,1.573935E-07
6.1525451,1.825392E-07
6.1750815,1.341105E-07
6.1877719,1.341105E-07
6.2011484,1.341105E-07
6.2252899,1.341105E-07
6.238932,1.573935E-07
6.2519629,1.341105E-07
6.2658384,2.095476E-07
6.2866829,2.095476E-07
6.3096291,1.341105E-07
6.3311201,1.573935E-07
6.3550666,1.573935E-07
6.3680306,1.573935E-07
6.3803912,1.573935E-07
6.4030447,2.691522E-07
6.4169395,3.362074E-07
6.4291937,3.362074E-07
6.4421844,1.573935E-07
6.4543314,1.573935E-07
6.4668002,1.341105E-07
6.4873253,1.341105E-07
6.5098586,1.573935E-07
6.5240225,1.825392E-07
6.548248,1.825392E-07
6.5610751,3.362074E-07
6.5730912,3.362074E-07
6.586272,3.72529E-07
6.6016899,3.72529E-07
6.614603,8.381903E-07
6.6336775,8.381903E-07
6.6561635,1.490116E-06
6.6781601,8.95001E-07
6.6914311,7.377006E-06
6.7131065,7.377006E-06
6.7264932,3.934838E-06
6.7411589,1.076609E-06
6.7545259,1.565553E-06
6.7686129,1.565553E-06
6.7808935,1.14087E-06
6.8009987,1.14087E-06
6.8228239,1.274981E-06
6.8450214,6.295741E-07
6.8685597,8.381903E-07
6.8834965,1.722015E-06
6.8976921,1.722015E-06
6.9095256,1.970679E-06
6.923174,1.970679E-06
6.9365015,9.716395E-05
6.956924,9.716395E-05
6.9799572,0.0002952004
6.9928017,0.0003995607
7.0152707,0.0003995607
7.0278987,5.056057E-05
7.0403866,5.812384E-06
7.0526435,8.405186E-06
7.0665412,8.405186E-06
7.0797047,3.72529E-05
7.0929674,3.72529E-05
7.1138952,2.151728E-05
7.1359975,3.017485E-05
7.1596902,0.0001330711
7.1826691,5.275384E-05
7.1969727,9.477232E-05
7.2097522,3.017485E-05
7.2237141,0.0001902729
7.2361241,0.0001902729
7.2490767,0.0001902729
7.2696396,4.673004E-05
7.2930018,1.50213E-05
7.3067853,1.066271E-05
7.3300964,2.755225E-05
7.3437568,3.580004E-06
7.3573639,5.409215E-05
7.3708032,5.409215E-05
7.3844202,2.819672E-05
7.3988263,2.691522E-07
7.4141063,2.691522E-07
7.4277712,3.913883E-05
7.440452,1.93119E-05
7.4529674,1.93119E-05
7.4818633,2.817251E-06
7.494865,2.328306E-06
7.5077644,7.712282E-06
7.5213303,0.006151292
7.5348958,0.006151292
7.5476048,3.469083E-05
7.5614806,3.469083E-05
7.573513,7.301569E-07
7.593946,7.301569E-07
7.6169941,1.825392E-07
7.6381857,2.095476E-07
7.6516669,9.313226E-08
7.6642479,9.313226E-08
7.679975,1.1269E-07
7.6931216,1.573935E-07
7.7058976,1.573935E-07
7.718578,1.341105E-07
7.7388821,1.341105E-07
7.7621199,1.341105E-07
7.7852194,1.573935E-07
7.7994616,1.341105E-07
7.8120973,1.573935E-07
7.8261642,1.573935E-07
7.8390679,1.573935E-07
7.8540237,1.573935E-07
7.8669538,1.825392E-07
7.8848396,1.825392E-07
7.9072801,1.573935E-07
7.9293836,1.825392E-07
7.9420302,1.825392E-07
7.9571303,1.573935E-07
7.9692232,1.573935E-07
7.9834386,1.573935E-07
7.9953793,2.095476E-07
8.0096261,2.095476E-07
8.0291095,1.825392E-07
8.0521389,2.095476E-07
8.0760932,1.341105E-07
8.0882137,1.825392E-07
8.1026037,7.301569E-07
8.116075,7.301569E-07
8.1304858,1.970679E-06
8.1436927,3.465451E-06
8.1597138,3.465451E-06
8.1750981,5.820766E-07
8.1999135,1.825392E-07
8.2157802,1.573935E-07
8.2398928,1.573935E-07
8.2576774,1.14087E-06
8.2729277,2.817251E-06
8.2880091,2.817251E-06
8.3118922,3.132969E-06
8.3336885,4.963018E-06
8.3546283,2.384186E-05
8.3701396,5.012751E-05
8.3854318,8.583069E-06
8.410956,8.583069E-06
8.4278393,1.885928E-06
8.4416862,4.056841E-06
8.4568342,4.056841E-06
8.4770519,2.518296E-06
8.5018331,4.306436E-06
8.5221279,3.241934E-06
8.5347851,2.145767E-06
8.5479105,2.145767E-06
8.5691479,8.95001E-07
8.5823742,4.507601E-07
8.5951478,7.301569E-07
8.6119545,7.301569E-07
8.6297476,1.076609E-06
8.6437415,1.01421E-06
8.6662014,4.107133E-07
8.6881028,5.820766E-07
8.7113737,2.095476E-07
8.7347074,1.825392E-07
8.7484115,1.825392E-07
8.7615105,1.573935E-07
8.7739875,1.573935E-07
8.7870333,2.095476E-07
8.8006422,1.341105E-07
8.8142884,1.341105E-07
8.8336101,1.573935E-07
8.8559906,1.573935E-07
8.8788254,1.341105E-07
8.9016859,1.341105E-07
8.913861,1.341105E-07
8.9258253,1.341105E-07
8.9399624,9.313226E-08
8.9563531,1.076609E-06
8.97151,1.076609E-06
8.9844104,1.076609E-06
8.9990282,6.728806E-06
9.0120919,6.728806E-06
9.0371086,1.086295E-05
9.0500895,4.426017E-05
9.0684668,0.00363274
9.0909479,7.145945E-05
9.1129861,0.001735264
9.1266532,0.001415879
9.1395075,0.001415879
9.1525388,0.0005450333
9.1655507,0.0005450333
9.1882856,0.0005990304
9.2012126,0.0003068484
9.215131,0.0009462833
9.2360186,0.0009462833
9.2588481,0.001794234
9.2813708,0.0001337761
9.2939726,0.0005608201
9.3070109,0.0005608201
9.319313,0.002921038
9.3331511,0.002921038
9.3562905,0.001024828
9.3713466,0.001240257
9.3839554,0.0001186961
9.4040793,0.0001186961
9.4318492,0.005886141
9.4484864,0.007800046
9.4614387,0.0004524449
9.4733078,0.0004524449
9.4867009,0.0004524449
9.5097472,0.0004935861
9.5245708,0.0001642853
9.5375517,0.0001730034
9.5502724,0.0003672987
9.5717217,0.0003672987
9.5930264,0.0001460463
9.6157057,2.852175E-05
9.6287743,9.68948E-06
9.6430712,3.241934E-06
9.6562344,3.241934E-06
9.680573,2.616085E-06
9.6944002,1.825392E-07
9.7065845,3.72529E-07
9.7196697,3.72529E-07
9.7390693,3.362074E-07
9.7614569,2.095476E-07
9.7734269,1.573935E-07
9.7880971,1.825392E-07
9.8031309,1.825392E-07
9.8262954,1.341105E-07
9.8391832,1.573935E-07
9.8519927,1.341105E-07
9.8741673,1.341105E-07
9.8945602,1.573935E-07
9.9176136,1.573935E-07
9.9299647,1.1269E-07
9.9441078,1.825392E-07
9.9565357,1.825392E-07
9.9691665,1.825392E-07
9.9927022,9.313226E-08
10.0065657,9.313226E-08
10.0193748,9.313226E-08
10.0399338,1.573935E-07
10.0644058,1.573935E-07
10.0857158,1.341105E-07
10.1004495,1.573935E-07
10.1157876,1.825392E-07
10.1282343,1.825392E-07
10.1521639,1.573935E-07
10.1651064,2.095476E-07
10.1856823,2.095476E-07
10.208371,2.384186E-07
10.2300294,1.825392E-07
10.2448496,2.384186E-07
10.2584317,2.691522E-07
10.2710991,8.95001E-07
10.2849315,8.95001E-07
10.3082268,8.95001E-07
10.3221668,4.507601E-07
10.3411217,4.507601E-07
10.3639688,2.095476E-07
10.3862369,2.095476E-07
10.3992925,1.573935E-07
10.4111968,1.825392E-07
10.4260356,2.095476E-07
10.4385786,2.095476E-07
10.4517939,1.076609E-06
10.4741019,1.076609E-06
10.4915592,2.384186E-07
10.5090233,4.507601E-07
10.5309923,8.381903E-07
10.5531765,3.362074E-07
10.5662914,3.017485E-07
10.5788202,1.825392E-07
10.5908603,1.573935E-07
10.6045147,1.573935E-07
10.6285804,1.573935E-07
10.6452147,2.691522E-07
10.6587496,2.691522E-07
10.6716137,1.341105E-07
10.6872347,1.825392E-07
10.709733,1.825392E-07
10.7323897,1.825392E-07
10.7546733,2.095476E-07
10.7689218,2.095476E-07
10.7813364,1.573935E-07
10.8020428,1.573935E-07
10.8156368,1.341105E-07
10.8281575,1.341105E-07
10.8409484,1.825392E-07
10.8543718,1.341105E-07
10.868096,1.341105E-07
10.8894462,1.573935E-07
10.9113529,1.573935E-07
10.9337641,1.573935E-07
10.9578112,2.691522E-07
10.9730752,8.95001E-07
10.9872776,9.536743E-07
11.0021322,9.536743E-07
11.0234525,1.14087E-06
11.0442438,1.642853E-06
11.0674227,7.301569E-07
11.0898555,9.536743E-07
11.1056372,1.01421E-06
11.1297287,1.34483E-06
11.1443552,8.381903E-07
11.156706,7.301569E-07
11.1691392,7.301569E-07
11.1900374,1.722015E-06
11.2129988,1.803041E-06
11.2347661,1.970679E-06
11.248301,1.01421E-06
11.2613587,1.01421E-06
11.2742733,1.274981E-06
11.2962283,1.34483E-06
11.3116563,1.565553E-06
11.326389,1.722015E-06
11.3413428,1.722015E-06
11.3575466,7.301569E-07
11.3810294,1.416542E-06
11.3934486,7.832423E-07
11.4064002,7.832423E-07
11.4228903,3.72529E-07
11.4459853,3.017485E-07
11.4590779,1.573935E-07
11.4719692,1.1269E-07
11.4912972,1.1269E-07
11.5137727,1.825392E-07
11.5276256,1.573935E-07
11.5434171,1.573935E-07
11.5556797,1.341105E-07
11.5690464,1.341105E-07
11.5836669,1.573935E-07
11.6065211,1.573935E-07
11.6257097,1.1269E-07
11.6478407,1.825392E-07
11.6642373,1.573935E-07
11.6784795,1.573935E-07
11.6912816,5.364418E-07
11.7038916,9.536743E-07
11.7169842,9.536743E-07
11.7304637,9.536743E-07
11.7545996,1.885928E-06
11.7694098,3.465451E-06
11.7823079,2.691522E-07
11.7947372,6.295741E-07
11.8168153,6.295741E-07
11.8384109,6.789342E-07
11.8507532,5.379319E-06
11.865359,5.379319E-06
11.8777393,3.465451E-06
11.8900273,3.465451E-06
11.9113723,3.241934E-06
11.9245576,1.076609E-06
11.9388894,1.076609E-06
11.960886,1.01421E-06
11.983366,1.206994E-06
12.0052892,1.076609E-06
12.0193738,2.145767E-06
12.0340553,2.715737E-06
12.0469861,2.715737E-06
12.0692327,1.803041E-06
12.0817647,6.571412E-06
12.095808,7.882714E-06
12.1169019,7.882714E-06
12.1395487,3.465451E-06
12.1617047,5.960464E-06
12.1838765,1.147483E-05
12.1988426,5.812384E-06
12.2117628,5.812384E-06
12.2363871,1.168251E-05
12.2490461,6.295741E-07
12.2619123,2.384186E-07
12.2742606,2.384186E-07
12.2955957,2.691522E-07
12.3191762,4.507601E-07
12.3405314,3.362074E-07
12.3551202,6.789342E-07
12.3675771,6.789342E-07
12.3803175,1.1269E-07
12.4030471,3.580004E-06
12.4163256,6.110407E-06
12.4297494,2.236106E-06
12.4525468,2.236106E-06
12.4748032,2.328306E-06
12.4973763,4.507601E-07
12.5189692,1.206994E-06
12.532803,1.642853E-06
12.5458717,5.812384E-06
12.57021,5.812384E-06
12.5823178,7.212162E-06
12.5948435,7.212162E-06
12.6078624,8.055009E-06
12.631243,8.055009E-06
12.6534148,3.017485E-07
12.675464,1.573935E-07
12.6977317,1.573935E-07
12.7111258,1.573935E-07
12.7238285,1.573935E-07
12.7447637,2.384186E-07
12.7606928,1.573935E-07
12.7756639,1.1269E-07
12.7880999,1.1269E-07
12.8008869,1.573935E-07
12.8136185,1.1269E-07
12.826453,1.1269E-07
12.8388796,1.573935E-07
12.8524229,1.573935E-07
12.875417,1.274981E-06
12.8888732,7.049181E-06
12.9010822,2.151728E-05
12.922017,2.151728E-05
12.9435295,3.580004E-06
12.9565061,1.231674E-05
12.9699193,9.880401E-06
12.9847341,1.34483E-06
12.9986554,1.34483E-06
13.0126497,2.095476E-07
13.0336943,2.095476E-07
13.0465341,4.107133E-07
13.066677,3.017485E-07
13.0889391,1.573935E-07
13.1112957,1.825392E-07
13.1237,2.691522E-07
13.1364288,2.691522E-07
13.1496734,2.691522E-07
13.162467,2.691522E-07
13.1840073,2.691522E-07
13.2010535,3.72529E-07
13.2152121,4.507601E-07
13.2345577,1.825392E-07
13.257372,1.573935E-07
13.2787254,1.573935E-07
13.2925025,1.825392E-07
13.3053674,1.825392E-07
13.319672,1.825392E-07
13.3438403,1.573935E-07
13.356475,1.573935E-07
13.3690732,1.573935E-07
13.3816906,1.825392E-07
13.4027217,1.573935E-07
13.4244048,1.573935E-07
13.438636,1.573935E-07
13.4517209,1.825392E-07
13.4649109,1.825392E-07
13.4775596,1.573935E-07
13.5005781,1.573935E-07
13.512413,2.095476E-07
13.5358623,2.095476E-07
13.5585641,2.691522E-07
13.5808643,2.384186E-07
13.6025263,5.820766E-07
13.6152487,3.72529E-07
13.6284619,5.364418E-07
13.6414107,5.364418E-07
13.6652874,2.384186E-07
13.6886603,1.825392E-07
13.7016694,2.691522E-07
13.7181285,3.017485E-07
13.736858,3.017485E-07
13.7595824,2.384186E-07
13.7811322,2.384186E-07
13.7956569,1.825392E-07
13.8083426,1.825392E-07
13.8216616,1.573935E-07
13.8452309,1.573935E-07
13.8578091,1.573935E-07
13.8724056,1.573935E-07
13.8935983,1.573935E-07
13.9163769,1.573935E-07
13.938144,2.095476E-07
13.9602534,1.1269E-07
13.9728161,1.573935E-07
13.9860797,1.573935E-07
14.0081394,1.573935E-07
14.0210949,1.341105E-07
14.0342902,1.825392E-07
14.0493607,1.825392E-07
14.062069,1.341105E-07
14.0757618,1.825392E-07
14.0947132,1.825392E-07
14.1165176,1.341105E-07
14.1295972,1.573935E-07
14.1420731,2.095476E-07
14.1642573,1.341105E-07
14.1762286,1.341105E-07
14.1897067,1.1269E-07
14.2024365,1.341105E-07
14.2177326,1.341105E-07
14.232509,2.095476E-07
14.2456098,1.825392E-07
14.2616017,1.825392E-07
14.2853645,1.573935E-07
14.3088061,1.573935E-07
14.322018,1.825392E-07
14.3381801,1.573935E-07
14.3512097,1.573935E-07
14.3640872,1.573935E-07
14.3773992,1.1269E-07
14.3968499,1.1269E-07
14.4179039,1.573935E-07
14.4320837,1.1269E-07
14.4550496,1.1269E-07
14.4682227,1.573935E-07
14.4802374,2.384186E-07
14.494286,2.384186E-07
14.5072968,2.095476E-07
14.5200228,2.095476E-07
14.5409315,2.095476E-07
14.5636538,2.095476E-07
14.5861373,9.313226E-08
14.5983661,1.341105E-07
14.6216264,1.825392E-07
14.6343654,1.825392E-07
14.6469835,1.825392E-07
14.6606858,1.341105E-07
14.6766089,1.341105E-07
14.6892968,1.341105E-07
14.7029413,1.825392E-07
14.7194617,1.1269E-07
14.7424594,1.341105E-07
14.7664472,1.341105E-07
14.7793924,1.341105E-07
14.7919502,1.825392E-07
14.8042572,2.384186E-07
14.8167458,2.384186E-07
14.8300077,1.573935E-07
14.842167,1.825392E-07
14.8545999,1.825392E-07
14.8760372,1.825392E-07
14.8993152,1.825392E-07
14.9236743,2.384186E-07
14.9360103,2.095476E-07
14.9493998,2.095476E-07
14.9619911,2.384186E-07
14.9755813,1.573935E-07
14.9881475,1.573935E-07
15.0024581,1.825392E-07
15.0212539,2.095476E-07
15.044247,1.573935E-07
15.068568,1.341105E-07
15.0821015,1.825392E-07
15.0958084,1.825392E-07
15.1084504,1.341105E-07
15.1216806,1.341105E-07
15.1360776,1.341105E-07
15.1559983,1.825392E-07
15.1779561,1.573935E-07
15.2005052,3.017485E-07
15.2139935,1.825392E-07
15.2359234,3.017485E-07
15.2492471,3.017485E-07
15.2621849,1.341105E-07
15.2757599,1.573935E-07
15.2880627,1.573935E-07
15.3020218,2.384186E-07
15.3154138,2.384186E-07
15.3355944,2.384186E-07
15.3565356,7.301569E-07
15.3810372,4.926696E-07
15.3936312,5.820766E-07
15.4060895,5.820766E-07
15.4190552,5.820766E-07
15.4316884,1.573935E-07
15.446029,1.341105E-07
15.4592666,1.341105E-07
15.4714297,1.1269E-07
15.4846645,1.573935E-07
15.5080458,1.573935E-07
15.525007,1.825392E-07
15.5376028,1.825392E-07
15.5517121,1.341105E-07
15.56612,1.341105E-07
15.5793435,1.341105E-07
15.5923173,1.1269E-07
15.6053761,1.1269E-07
15.6251537,2.095476E-07
15.6472737,1.573935E-07
15.6704702,1.573935E-07
15.6833016,1.825392E-07
15.6958075,1.573935E-07
15.7092795,1.573935E-07
15.7233803,1.825392E-07
15.7369152,1.825392E-07
15.7495699,1.341105E-07
15.7699818,1.573935E-07
15.7924149,2.095476E-07
15.8144355,4.507601E-07
15.8280712,2.384186E-07
15.8410249,1.341105E-07
15.8534031,1.341105E-07
15.865543,1.573935E-07
15.8791459,1.573935E-07
15.8925221,1.341105E-07
15.9051168,1.341105E-07
15.9260252,1.573935E-07
15.9486001,1.573935E-07
15.9726747,1.341105E-07
15.9865744,1.825392E-07
15.9991033,1.573935E-07
16.0118846,1.573935E-07
16.0255079,1.573935E-07
16.0402152,1.1269E-07
16.0531153,1.1269E-07
16.0713393,1.573935E-07
16.0936511,1.341105E-07
16.1168064,1.573935E-07
16.1293341,1.573935E-07
16.1426546,1.573935E-07
16.1573939,1.573935E-07
16.169714,1.825392E-07
16.1845447,1.1269E-07
16.2052673,1.1269E-07
16.2274338,1.573935E-07
16.2501762,1.341105E-07
16.2722673,1.341105E-07
16.2937928,1.573935E-07
16.3073741,1.573935E-07
16.3195994,1.1269E-07
16.3325129,1.341105E-07
16.3462967,1.341105E-07
16.3605145,1.341105E-07
16.3727383,1.341105E-07
16.3852848,1.825392E-07
16.4059658,1.825392E-07
16.4299631,1.341105E-07
16.4511691,1.573935E-07
16.4645118,1.341105E-07
16.4785604,1.341105E-07
16.4923459,1.825392E-07
16.5052898,1.573935E-07
16.5185168,1.573935E-07
16.5308795,1.341105E-07
16.5514494,1.341105E-07
16.5756805,1.341105E-07
16.5885461,1.341105E-07
16.6016475,9.313226E-08
16.6143936,1.825392E-07
16.6284369,1.825392E-07
16.6412425,1.1269E-07
16.6537925,1.1269E-07
16.6666277,1.1269E-07
16.6859917,1.825392E-07
16.7082446,1.825392E-07
16.7323132,1.341105E-07
16.7448755,2.095476E-07
16.7586547,2.095476E-07
16.7735199,1.341105E-07
16.7867364,1.341105E-07
16.7995561,1.341105E-07
16.8131206,1.1269E-07
16.8258246,1.341105E-07
16.8386095,1.341105E-07
16.8607407,1.825392E-07
16.874595,1.825392E-07
16.8877332,1.825392E-07
16.9091659,1.573935E-07
16.9320031,1.1269E-07
16.9532881,1.573935E-07
16.9673297,1.341105E-07
16.9803529,1.341105E-07
16.9935027,1.341105E-07
17.0062191,1.341105E-07
17.0308472,1.341105E-07
17.0446754,1.825392E-07
17.0660035,1.825392E-07
17.0881584,1.1269E-07
17.1100146,1.825392E-07
17.1325592,1.341105E-07
17.1456039,1.573935E-07
17.1581887,1.573935E-07
17.1725744,1.825392E-07
17.1979212,1.825392E-07
17.2116472,1.573935E-07
17.2249951,1.573935E-07
17.244126,2.095476E-07
17.2662855,1.573935E-07
17.279375,1.341105E-07
17.2923823,1.573935E-07
17.3046611,1.573935E-07
17.3168761,1.341105E-07
17.3300685,1.341105E-07
17.3520232,1.1269E-07
17.3658383,1.341105E-07
17.3784052,1.341105E-07
17.3940984,1.573935E-07
17.4118104,1.573935E-07
17.4341017,1.341105E-07
17.4470216,4.926696E-07
17.4602218,2.095476E-07
17.4731008,2.095476E-07
17.4950963,2.095476E-07
17.5088403,1.825392E-07
17.5209667,1.825392E-07
17.5341606,1.825392E-07
17.5468291,1.825392E-07
17.5599154,2.691522E-07
17.5789246,1.1269E-07
17.6018531,1.573935E-07
17.6137814,3.72529E-07
17.635814,3.72529E-07
17.6481118,1.573935E-07
17.6610366,2.691522E-07
17.6730439,2.691522E-07
17.6857833,1.825392E-07
17.7003509,1.825392E-07
17.7136382,2.384186E-07
17.7267094,2.095476E-07
17.7384018,2.095476E-07
17.7532861,2.384186E-07
17.7761293,2.095476E-07
17.7893574,1.825392E-07
17.8038817,1.825392E-07
17.8197758,1.825392E-07
17.8367758,3.362074E-07
17.8583845,3.362074E-07
17.8811054,1.573935E-07
17.8943592,1.573935E-07
17.9083271,1.573935E-07
17.9331601,1.825392E-07
17.9456914,1.341105E-07
17.9594328,1.341105E-07
17.973516,1.341105E-07
17.9932248,1.573935E-07
18.0154911,1.825392E-07
18.037511,1.573935E-07
18.0518498,2.095476E-07
18.0647432,2.095476E-07
18.0793056,2.095476E-07
18.1024824,1.573935E-07
18.1149802,1.1269E-07
18.1268097,1.1269E-07
18.1408964,1.341105E-07
18.1546777,1.1269E-07
18.1681773,1.1269E-07
18.1805898,1.573935E-07
18.1924003,1.573935E-07
18.2051735,1.573935E-07
18.2280146,1.341105E-07
18.249197,1.341105E-07
18.2719277,1.573935E-07
18.2850034,1.341105E-07
18.2995968,1.341105E-07
18.3117328,1.573935E-07
18.3264789,1.573935E-07
18.3389704,1.573935E-07
18.3536688,1.573935E-07
18.3722916,1.341105E-07
18.3945251,1.825392E-07
18.4169988,1.341105E-07
18.4299966,9.313226E-08
18.4440251,9.313226E-08
18.4578864,1.573935E-07
18.4715588,1.573935E-07
18.4853831,1.573935E-07
18.4983298,1.1269E-07
18.5180252,1.825392E-07
18.5405835,1.341105E-07
18.5623794,1.341105E-07
18.575794,1.341105E-07
18.588862,1.341105E-07
18.6029145,1.341105E-07
18.6151274,1.341105E-07
18.6305353,1.341105E-07
18.643714,1.573935E-07
18.6630698,1.573935E-07
18.6860763,1.573935E-07
18.7075947,1.341105E-07
18.7209723,1.341105E-07
18.7331309,1.573935E-07
18.7469337,1.341105E-07
18.7592094,1.341105E-07
18.7722569,1.825392E-07
18.7857265,1.825392E-07
18.7983837,1.573935E-07
18.8190033,1.573935E-07
18.8424822,1.573935E-07
18.8650684,1.573935E-07
18.8779234,1.573935E-07
18.8909434,1.573935E-07
18.9033506,1.341105E-07
18.9171746,1.573935E-07
18.9325426,1.573935E-07
18.9543132,1.573935E-07
18.9759321,1.573935E-07
18.9982242,1.573935E-07
19.0204676,1.341105E-07
19.0343931,1.573935E-07
19.0474682,1.573935E-07
19.061369,1.573935E-07
19.0749314,1.1269E-07
19.0870896,1.1269E-07
19.0997609,9.313226E-08
19.1209768,1.825392E-07
19.1442826,6.789342E-07
19.1672736,3.72529E-07
19.179539,1.825392E-07
19.1924839,7.301569E-07
19.2047465,7.301569E-07
19.2169601,1.076609E-06
19.2303891,1.076609E-06
19.2429454,4.107133E-07
19.2581496,4.107133E-07
19.2717193,3.017485E-07
19.2938305,3.362074E-07
19.3112607,1.490116E-06
19.3237881,1.076609E-06
19.3360426,1.076609E-06
19.3487914,8.381903E-07
19.3621835,1.206994E-06
19.3764341,1.206994E-06
19.3894005,3.465451E-06
19.4023973,3.465451E-06
19.4165799,9.536743E-07
19.4385119,9.536743E-07
19.4558508,1.274981E-06
19.4691532,1.274981E-06
19.4867263,3.580004E-06
19.500576,1.803041E-06
19.5131404,1.046434E-05
19.5256883,1.046434E-05
19.5451989,6.262213E-06
19.5677304,6.888062E-06
19.5910934,6.888062E-06
19.6061871,1.386181E-05
19.6212047,1.386181E-05
19.633339,8.055009E-06
19.6472405,9.880401E-06
19.6615596,9.880401E-06
19.6803932,9.880401E-06
19.7018087,5.666167E-06
19.7169091,4.827976E-06
19.7394868,4.827976E-06
19.7518841,1.007318E-05
19.7645487,1.007318E-05
19.7801989,2.039969E-05
19.7934163,5.960464E-06
19.8062833,5.960464E-06
19.8247238,4.694797E-06
19.8468575,1.147483E-05
19.8600856,1.877919E-05
19.8722029,8.055009E-06
19.8952386,8.055009E-06
19.9106039,4.563481E-06
19.9238002,2.920628E-06
19.9362233,2.920628E-06
19.9589963,1.206994E-06
19.9819873,1.970679E-06
20.0033297,2.328306E-06
20.0181287,7.832423E-07
20.0317679,9.536743E-07
20.0550501,9.536743E-07
20.0698851,1.573935E-07
20.0831304,1.825392E-07
20.094972,2.095476E-07
20.1152178,2.095476E-07
20.1375864,2.095476E-07
20.1501445,2.095476E-07
20.1644738,2.095476E-07
20.1794304,1.825392E-07
20.193236,1.825392E-07
20.2159502,1.825392E-07
20.230077,3.017485E-07
20.2496564,9.536743E-07
20.2712955,1.416542E-06
20.2938382,9.127893E-06
20.3083202,6.262213E-06
20.3224351,6.262213E-06
20.3373906,8.381903E-07
20.3517182,5.364418E-07
20.3747461,5.364418E-07
20.3873067,8.381903E-07
20.4014533,2.095476E-07
20.4147371,1.825392E-07
20.4281506,1.825392E-07
20.4436781,1.341105E-07
20.4555433,1.573935E-07
20.4732016,1.573935E-07
20.4953467,3.362074E-07
20.5173203,1.34483E-06
20.5394104,4.107133E-07
20.5534854,1.14087E-06
20.5657529,1.565553E-06
20.5792158,1.565553E-06
20.5922856,2.384186E-07
20.6050482,1.573935E-07
20.6192777,1.573935E-07
20.6314045,1.573935E-07
20.6453583,1.573935E-07
20.6706095,1.573935E-07
20.684986,2.095476E-07
20.6981633,1.573935E-07
20.7106209,1.341105E-07
20.7227269,1.341105E-07
20.7373535,1.573935E-07
20.7516154,1.573935E-07
20.7663438,1.573935E-07
20.7807454,1.341105E-07
20.7971632,2.42237E-06
20.8195209,3.017485E-07
20.8328607,7.832423E-07
20.8459164,7.832423E-07
20.8599971,7.832423E-07
20.87343,1.642853E-06
20.8870329,7.301569E-07
20.9018153,7.301569E-07
20.9145469,2.691522E-07
20.9283239,1.341105E-07
20.9501086,1.573935E-07
20.9639774,1.825392E-07
20.9869317,1.825392E-07
21.0094148,1.573935E-07
21.0314269,1.341105E-07
21.0537574,2.384186E-07
21.0672098,4.926696E-07
21.0812443,8.95001E-07
21.0934265,2.616085E-06
21.1160821,2.616085E-06
21.1291455,1.642853E-06
21.1417029,1.14087E-06
21.1659188,5.364418E-07
21.1879143,5.364418E-07
21.2093189,1.1269E-07
21.2324445,1.573935E-07
21.2459004,9.313226E-08
21.2587959,9.313226E-08
21.2709344,2.095476E-07
21.2929807,1.573935E-07
21.3073766,1.341105E-07
21.320343,1.341105E-07
21.3327816,1.341105E-07
21.3550518,1.341105E-07
21.3786598,2.095476E-07
21.4003958,1.825392E-07
21.4164804,1.341105E-07
21.4302416,1.341105E-07
21.4513387,1.573935E-07
21.4640858,1.341105E-07
21.4780473,1.1269E-07
21.500582,1.1269E-07
21.5230362,1.573935E-07
21.5445568,1.341105E-07
21.5672501,1.573935E-07
21.5801231,1.341105E-07
21.5938378,1.573935E-07
21.6076322,1.573935E-07
21.6293551,1.573935E-07
21.6439287,1.573935E-07
21.6582439,1.341105E-07
21.6798533,1.825392E-07
21.7021997,1.825392E-07
21.7237463,1.341105E-07
21.747091,1.573935E-07
21.7602556,1.573935E-07
21.7749516,1.825392E-07
21.7975236,1.825392E-07
21.8120899,9.313226E-08
21.8272079,1.573935E-07
21.840496,1.573935E-07
21.8578313,1.573935E-07
21.8809573,1.341105E-07
21.8930937,1.341105E-07
21.9050435,2.384186E-07
21.9184838,2.384186E-07
21.9419208,1.825392E-07
21.9555057,2.384186E-07
21.9676072,2.384186E-07
21.9805101,2.384186E-07
22.0041333,3.017485E-07
22.025302,3.362074E-07
22.0477009,2.384186E-07
22.0614551,3.362074E-07
22.0741126,3.362074E-07
22.0872754,3.362074E-07
22.1120975,1.825392E-07
22.1252533,1.573935E-07
22.1381051,1.573935E-07
22.1503744,2.384186E-07
22.1702736,1.341105E-07
22.1925692,2.095476E-07
22.2052165,1.341105E-07
22.2194844,1.341105E-07
22.2320461,1.825392E-07
22.2567504,1.825392E-07
22.2695497,1.573935E-07
22.2836512,1.573935E-07
22.2976342,1.825392E-07
22.3162922,1.825392E-07
22.3387334,1.825392E-07
22.3514322,1.341105E-07
22.3639169,1.341105E-07
22.3780071,1.341105E-07
22.390579,1.341105E-07
22.4117487,1.573935E-07
22.4273382,1.341105E-07
22.4395084,1.573935E-07
22.4610871,1.573935E-07
22.4831458,1.341105E-07
22.5052883,1.341105E-07
22.519125,1.825392E-07
22.531663,1.341105E-07
22.5444478,1.341105E-07
22.5675975,1.341105E-07
22.5814627,1.573935E-07
22.593951,1.573935E-07
22.606727,1.573935E-07
22.6282563,1.341105E-07
22.6512519,1.573935E-07
22.6735016,1.825392E-07
22.6860312,1.341105E-07
22.7007667,1.1269E-07
22.7134778,1.341105E-07
22.735815,1.341105E-07
22.7505699,1.573935E-07
22.7632768,1.825392E-07
22.7857099,1.825392E-07
22.806765,1.573935E-07
22.8300772,1.341105E-07
22.8435986,1.573935E-07
22.8563418,1.573935E-07
22.8713101,1.341105E-07
22.8944012,2.095476E-07
22.9069931,1.573935E-07
22.9195064,1.573935E-07
22.9418736,1.341105E-07
22.9632732,1.1269E-07
22.9856199,1.341105E-07
22.9997849,1.573935E-07
23.0121198,1.573935E-07
23.0239701,1.573935E-07
23.0452107,1.825392E-07
23.0585788,1.341105E-07
23.0732159,1.573935E-07
23.0880797,1.573935E-07
23.1083386,1.573935E-07
23.1303035,1.573935E-07
23.1536664,1.825392E-07
23.1749775,1.341105E-07
23.1894722,1.825392E-07
23.2024248,1.573935E-07
23.2240801,1.573935E-07
23.237,1.573935E-07
23.2533483,1.573935E-07
23.2667569,1.341105E-07
23.2880433,1.341105E-07
23.309785,1.573935E-07
23.3221763,1.341105E-07
23.3360115,1.341105E-07
23.3487932,1.341105E-07
23.370885,1.825392E-07
23.3832481,1.341105E-07
23.398783,1.341105E-07
23.4108516,1.341105E-07
23.4321888,1.825392E-07
23.4552228,1.573935E-07
23.4771294,1.341105E-07
23.4899643,1.1269E-07
23.5033454,1.1269E-07
23.5169399,1.1269E-07
23.5386882,1.341105E-07
23.5551423,1.825392E-07
23.5674927,1.825392E-07
23.5883705,1.1269E-07
23.6109492,1.825392E-07
23.6342251,1.573935E-07
23.6495128,1.341105E-07
23.6636552,1.573935E-07
23.6771276,1.1269E-07
23.7000907,1.573935E-07
23.712646,1.573935E-07
23.7339211,1.573935E-07
23.7572284,1.341105E-07
23.7780331,2.095476E-07
23.7919227,1.825392E-07
23.8056747,1.573935E-07
23.8184401,1.573935E-07
23.8310056,2.095476E-07
23.8444248,2.095476E-07
23.8667077,2.095476E-07
23.8822098,1.341105E-07
23.9013957,1.825392E-07
23.9235865,1.573935E-07
23.9468885,1.341105E-07
23.9611074,1.573935E-07
23.9742727,1.825392E-07
23.9869302,1.825392E-07
24.0011456,2.095476E-07
24.0227758,1.825392E-07
24.0350441,2.095476E-07
24.0585784,2.095476E-07
24.079813,1.274981E-06
24.1031284,1.01421E-06
24.1154932,1.642853E-06
24.1286148,1.34483E-06
24.1413897,4.507601E-07
24.1544239,4.507601E-07
24.1764592,6.295741E-07
24.1907039,5.364418E-07
24.2041625,5.364418E-07
24.2165771,3.362074E-07
24.2368635,3.362074E-07
24.2587571,5.820766E-07
24.281009,5.820766E-07
24.2950671,4.926696E-07
24.3099451,4.926696E-07
24.3236939,5.820766E-07
24.3475213,1.01421E-06
24.3608844,1.01421E-06
24.3739771,1.01421E-06
24.3928442,3.017485E-07
24.4156222,3.72529E-07
24.4305569,1.573935E-07
24.4435332,2.384186E-07
24.4566043,2.384186E-07
24.4693634,2.095476E-07
24.4917814,1.825392E-07
24.5053479,3.017485E-07
24.5268233,3.017485E-07
24.5497166,1.825392E-07
24.5718853,2.095476E-07
24.5933237,1.825392E-07
24.6068021,1.573935E-07
24.6188591,3.017485E-07
24.6320322,3.72529E-07
24.6482342,3.72529E-07
24.6695534,1.573935E-07
24.6817423,1.825392E-07
24.6954996,1.825392E-07
24.7167994,2.095476E-07
24.7391642,2.384186E-07
24.7616558,1.825392E-07
24.7737657,1.341105E-07
24.7874194,2.095476E-07
24.8016824,2.095476E-07
24.8252351,1.573935E-07
24.8373337,1.573935E-07
24.8502581,1.341105E-07
24.8743926,1.341105E-07
24.8952577,1.341105E-07
24.9173985,1.1269E-07
24.9320476,1.573935E-07
24.9448493,1.825392E-07
24.9583916,1.341105E-07
24.9716507,1.825392E-07
24.9946621,1.573935E-07
25.007534,1.573935E-07
25.0295725,1.573935E-07
25.0520441,1.341105E-07
25.0740653,1.341105E-07
25.0967731,1.573935E-07
25.1089151,1.341105E-07
25.1231873,1.825392E-07
25.1366019,1.825392E-07
25.1629335,1.573935E-07
25.1768333,1.341105E-07
25.1914447,1.341105E-07
25.2083068,1.573935E-07
25.2302664,1.573935E-07
25.2524047,1.573935E-07
25.2649713,1.825392E-07
25.2796236,1.573935E-07
25.2920596,1.573935E-07
25.3140118,1.573935E-07
25.3284818,1.341105E-07
25.3432786,1.1269E-07
25.3650206,1.1269E-07
25.3870119,1.573935E-07
25.4090392,1.825392E-07
25.4316807,1.341105E-07
25.4461905,1.573935E-07
25.4601174,1.573935E-07
25.4736791,1.825392E-07
25.4960501,1.825392E-07
25.5093071,1.573935E-07
25.5223783,1.573935E-07
25.5428766,2.095476E-07
25.5674183,1.825392E-07
25.5879974,1.573935E-07
25.6018609,1.825392E-07
25.6141263,1.573935E-07
25.6276245,1.573935E-07
25.6491619,2.691522E-07
25.6648446,1.825392E-07
25.6775148,1.825392E-07
25.6904301,1.825392E-07
25.7109989,4.507601E-07
25.7327645,2.691522E-07
25.7560972,7.832423E-07
25.7692106,3.72529E-07
25.7837762,1.825392E-07
25.7968455,1.825392E-07
25.8203485,1.825392E-07
25.8340089,3.017485E-07
25.8470077,3.017485E-07
25.8682917,3.362074E-07
25.8901624,4.107133E-07
25.9120249,4.926696E-07
25.9255146,3.72529E-07
25.9395312,3.362074E-07
25.9516471,2.095476E-07
25.9747156,2.095476E-07
25.988572,2.384186E-07
26.001202,2.095476E-07
26.0241285,2.095476E-07
26.0457763,2.384186E-07
26.0682267,1.825392E-07
26.0909236,1.573935E-07
26.1040564,1.573935E-07
26.1174527,1.573935E-07
26.1397444,1.573935E-07
26.1531361,1.341105E-07
26.1655383,1.341105E-07
26.1784779,1.341105E-07
26.2024118,1.573935E-07
26.2244662,1.825392E-07
26.2475929,1.341105E-07
26.2689248,1.573935E-07
26.2812565,1.573935E-07
26.2952135,1.573935E-07
26.3183003,1.573935E-07
26.3358917,1.341105E-07
26.3496649,1.1269E-07
26.3622801,2.095476E-07
26.3819945,2.095476E-07
26.4037658,1.573935E-07
26.4171779,1.1269E-07
26.4331853,1.573935E-07
26.4470241,1.573935E-07
26.4689907,3.017485E-07
26.4826408,6.295741E-07
26.5038461,5.364418E-07
26.5261082,2.095476E-07
26.5481616,3.362074E-07
26.5713962,1.573935E-07
26.5841211,1.825392E-07
26.5978657,1.573935E-07
26.6101262,1.573935E-07
26.6238151,1.573935E-07
26.6453992,1.573935E-07
26.6596424,2.691522E-07
26.6736187,9.536743E-07
26.6938635,1.01421E-06
26.7162543,2.817251E-06
26.7382791,4.056841E-06
26.7514465,3.362074E-07
26.7642757,3.362074E-07
26.7774188,1.573935E-07
26.7997821,1.573935E-07
26.8152116,1.1269E-07
26.8278557,1.1269E-07
26.8405894,9.313226E-08
26.8611152,1.825392E-07
26.8835212,1.341105E-07
26.9059659,1.341105E-07
26.9191157,1.341105E-07
26.9331968,1.341105E-07
26.9467214,1.825392E-07
26.969883,1.825392E-07
26.9826431,1.206994E-06
26.9970951,1.206994E-06
27.0187366,3.934838E-06
27.0401383,7.212162E-06
27.0622798,4.180707E-06
27.0748259,4.107133E-07
27.0881721,4.107133E-07
27.1013409,1.341105E-07
27.1235463,1.573935E-07
27.1371174,1.341105E-07
27.1530067,1.341105E-07
27.166758,1.573935E-07
27.1846449,1.825392E-07
27.2074348,3.017485E-07
27.2302294,2.384186E-07
27.2445992,3.72529E-07
27.2572514,3.72529E-07
27.2801098,3.362074E-07
27.2932434,1.1269E-07
27.3070187,1.573935E-07
27.3213914,1.573935E-07
27.341707,1.573935E-07
27.3640188,1.573935E-07
27.3862838,1.341105E-07
27.3991317,1.341105E-07
27.4125149,1.825392E-07
27.4254062,1.825392E-07
27.4475505,1.573935E-07
27.4620858,1.1269E-07
27.4763491,1.341105E-07
27.489056,1.341105E-07
27.5093456,1.825392E-07
27.5319525,1.341105E-07
27.5538839,1.573935E-07
27.5670209,1.573935E-07
27.5800202,1.573935E-07
27.6023362,1.341105E-07
27.6142282,1.341105E-07
27.627,1.1269E-07
27.6392033,1.1269E-07
27.6536775,1.573935E-07
27.6718486,1.341105E-07
27.6864952,1.341105E-07
27.7024398,1.341105E-07
27.7217572,1.341105E-07
27.7445543,1.341105E-07
27.7682201,1.341105E-07
27.7815451,1.341105E-07
27.793861,1.825392E-07
27.8069339,1.825392E-07
27.8198837,1.573935E-07
27.8331107,1.825392E-07
27.8453448,1.825392E-07
27.8585076,1.573935E-07
27.8775087,1.341105E-07
27.9013396,1.341105E-07
27.9142062,1.341105E-07
27.9274036,1.1269E-07
27.9400407,1.1269E-07
27.9531898,1.573935E-07
27.965513,1.1269E-07
27.9784956,1.1269E-07
27.9930337,1.341105E-07
28.0135006,1.1269E-07
28.0339563,9.313226E-08
28.0574405,9.313226E-08
28.0717427,1.573935E-07
28.0864951,1.573935E-07
28.1001237,1.341105E-07
28.1145143,1.341105E-07
28.1285372,1.341105E-07
28.1457086,1.341105E-07
28.1679686,1.573935E-07
28.1910311,1.573935E-07
28.2163663,1.573935E-07
28.2316748,3.017485E-07
28.2438894,1.341105E-07
28.2575526,1.341105E-07
28.2798147,2.384186E-07
28.3021801,1.341105E-07
28.32461,2.384186E-07
28.3470735,1.825392E-07
28.3598287,2.384186E-07
28.385014,2.095476E-07
28.3975953,6.295741E-07
28.4107,6.295741E-07
28.4230127,1.573935E-07
28.4367326,1.825392E-07
28.4498662,1.825392E-07
28.4697672,1.825392E-07
28.4925822,7.301569E-07
28.5144504,4.107133E-07
28.5281273,5.820766E-07
28.5520594,2.384186E-07
28.5651916,2.095476E-07
28.5785092,2.095476E-07
28.5930751,5.820766E-07
28.6057545,1.825392E-07
28.6188126,1.825392E-07
28.636777,3.362074E-07
28.6597789,1.341105E-07
28.6735327,1.573935E-07
28.6967373,1.573935E-07
28.7116213,1.825392E-07
28.724319,2.384186E-07
28.736985,2.691522E-07
28.7523333,2.691522E-07
28.7669912,1.825392E-07
28.7822938,1.825392E-07
28.8053207,1.573935E-07
28.8172046,1.573935E-07
28.8309027,1.573935E-07
28.8520392,1.341105E-07
28.8655712,1.825392E-07
28.8787728,1.825392E-07
28.8914938,1.1269E-07
28.9043598,1.341105E-07
28.9201097,1.341105E-07
28.9390043,1.573935E-07
28.9617425,1.341105E-07
28.9838501,1.341105E-07
29.0066475,1.573935E-07
29.0198428,1.825392E-07
29.0320553,1.573935E-07
29.0472718,1.573935E-07
29.0593595,1.825392E-07
29.0718597,1.573935E-07
29.0844686,1.573935E-07
29.0998212,1.341105E-07
29.1176389,1.573935E-07
29.1411528,1.573935E-07
29.1632484,1.573935E-07
29.1756193,1.573935E-07
29.188031,1.573935E-07
29.2034291,1.573935E-07
29.2177944,1.573935E-07
29.2314219,1.573935E-07
29.2436496,1.573935E-07
29.2627265,1.573935E-07
29.286136,1.341105E-07
29.3086873,9.313226E-08
29.3234877,1.341105E-07
29.3381565,1.573935E-07
29.3511459,1.825392E-07
29.3639296,1.825392E-07
29.3768939,1.1269E-07
29.3904651,1.1269E-07
29.4035673,1.341105E-07
29.4213346,1.341105E-07
29.4448675,1.341105E-07
29.4570902,1.341105E-07
29.4704942,1.341105E-07
29.4862798,1.825392E-07
29.5086855,1.825392E-07
29.5316962,1.573935E-07
29.5539159,1.573935E-07
29.5693077,1.573935E-07
29.5818467,1.573935E-07
29.5972067,1.573935E-07
29.6193027,1.341105E-07
29.6325431,1.825392E-07
29.6549293,1.825392E-07
29.6768212,1.1269E-07
29.6983386,2.095476E-07
29.7110169,1.341105E-07
29.7229628,1.341105E-07
29.7357512,1.1269E-07
29.7493509,1.1269E-07
29.7738482,1.825392E-07
29.786998,5.364418E-07
29.8012504,1.076609E-06
29.8136237,1.076609E-06
29.8329076,1.803041E-06
29.8557004,5.820766E-07
29.8712607,2.095476E-07
29.8846432,2.691522E-07
29.8978998,2.691522E-07
29.9108461,4.180707E-06
29.9337334,7.712282E-06
29.947093,5.960464E-06
29.9665716,5.960464E-06
29.9891947,1.416542E-06
30.011369,1.34483E-06
30.023668,4.963018E-06
30.0384084,2.328306E-06
