0.0220576,3.362074E-07
0.0446046,3.017485E-07
0.0672525,2.691522E-07
0.0820547,2.095476E-07
0.1041916,2.095476E-07
0.1187487,1.825392E-07
0.1312733,1.825392E-07
0.1438141,1.573935E-07
0.1663724,1.573935E-07
0.1899978,1.341105E-07
0.2116202,1.341105E-07
0.2252439,1.341105E-07
0.2446051,1.341105E-07
0.2566201,1.573935E-07
0.2686454,1.1269E-07
0.2814236,1.1269E-07
0.2942609,1.341105E-07
0.3065517,1.825392E-07
0.3195912,1.825392E-07
0.3316669,1.573935E-07
0.3520153,1.573935E-07
0.3677752,1.1269E-07
0.3918124,1.341105E-07
0.4126143,1.825392E-07
0.4344053,3.362074E-07
0.4473771,1.490116E-06
0.4604475,1.341105E-07
0.4724026,1.341105E-07
0.492712,1.573935E-07
0.505037,1.341105E-07
0.5183091,1.341105E-07
0.5306729,1.341105E-07
0.5429972,1.825392E-07
0.5559161,1.825392E-07
0.5689273,1.573935E-07
0.5921291,1.573935E-07
0.613095,1.573935E-07
0.6352845,1.341105E-07
0.6475644,1.341105E-07
0.6596193,1.341105E-07
0.6728505,5.364418E-07
0.6849661,5.364418E-07
0.6982382,1.341105E-07
0.7184929,1.573935E-07
0.7323426,1.573935E-07
0.7449381,2.095476E-07
0.7582628,3.017485E-07
0.7808916,3.017485E-07
0.8048921,1.341105E-07
0.8255633,1.341105E-07
0.8381415,1.825392E-07
0.8581532,1.825392E-07
0.8714447,1.341105E-07
0.8839055,1.341105E-07
0.8968307,1.573935E-07
0.9092001,1.825392E-07
0.9218196,1.825392E-07
0.934816,3.017485E-07
0.9475193,6.295741E-07
0.967445,6.295741E-07
0.9814654,2.384186E-07
1.0058721,4.926696E-07
1.0265041,5.364418E-07
1.0490145,2.691522E-07
1.061068,1.341105E-07
1.0734452,1.341105E-07
1.0858524,1.573935E-07
1.1052068,1.341105E-07
1.1181327,1.341105E-07
1.1304051,1.341105E-07
1.1435486,1.573935E-07
1.1605021,1.573935E-07
1.1748666,1.573935E-07
1.1896307,1.1269E-07
1.2045361,1.1269E-07
1.2297176,2.384186E-07
1.2435938,1.573935E-07
1.2575348,2.691522E-07
1.2718581,2.384186E-07
1.2941897,2.384186E-07
1.3169056,1.573935E-07
1.3392601,2.095476E-07
1.3514095,1.573935E-07
1.3715641,1.573935E-07
1.3836123,1.825392E-07
1.3957927,1.825392E-07
1.4092094,1.341105E-07
1.4211871,1.573935E-07
1.4330608,1.573935E-07
1.4455487,2.384186E-07
1.4576079,1.573935E-07
1.4775635,1.573935E-07
1.4902916,1.573935E-07
1.5022728,1.573935E-07
1.5177964,1.573935E-07
1.5402362,1.573935E-07
1.5624529,1.341105E-07
1.5851907,1.341105E-07
1.5981345,1.341105E-07
1.6194379,1.341105E-07
1.6317442,1.825392E-07
1.6437357,1.825392E-07
1.6558004,1.1269E-07
1.6685955,5.364418E-07
1.6806032,5.364418E-07
1.6928668,5.364418E-07
1.706079,8.95001E-07
1.7254645,1.573935E-07
1.7409151,1.573935E-07
1.7633475,1.573935E-07
1.7863417,1.825392E-07
1.8091038,1.1269E-07
1.8238643,1.341105E-07
1.8361714,1.341105E-07
1.856596,1.573935E-07
1.8692588,1.341105E-07
1.8821763,1.341105E-07
1.8948303,1.573935E-07
1.9087928,1.573935E-07
1.9312344,1.573935E-07
1.9538164,1.341105E-07
1.9762573,1.825392E-07
1.9977785,1.573935E-07
2.0126516,1.573935E-07
2.026849,1.341105E-07
2.0397636,2.095476E-07
2.0519239,2.095476E-07
2.0643815,1.825392E-07
2.0768455,1.341105E-07
2.098561,1.341105E-07
2.1211602,1.341105E-07
2.1433765,1.573935E-07
2.156204,1.341105E-07
2.1687868,1.341105E-07
2.1815357,1.341105E-07
2.1938504,1.573935E-07
2.206721,1.573935E-07
2.2196973,1.341105E-07
2.2426445,1.573935E-07
2.2551949,1.573935E-07
2.2772694,1.573935E-07
2.2999345,1.1269E-07
2.3218987,1.573935E-07
2.3442726,1.573935E-07
2.3581054,1.573935E-07
2.3709664,1.573935E-07
2.3912263,1.825392E-07
2.4032231,1.573935E-07
2.4156475,1.573935E-07
2.4282564,2.095476E-07
2.4423329,9.500422E-06
2.4547877,9.500422E-06
2.4675309,2.095476E-07
2.4814032,2.095476E-07
2.5029177,1.825392E-07
2.5233783,1.341105E-07
2.5457822,1.341105E-07
2.5601323,1.573935E-07
2.5736908,1.573935E-07
2.587372,1.825392E-07
2.6000101,1.825392E-07
2.612638,2.384186E-07
2.6326131,2.384186E-07
2.6470601,1.573935E-07
2.6684922,1.825392E-07
2.6910166,1.341105E-07
2.7126962,1.573935E-07
2.7256877,1.341105E-07
2.7379951,1.341105E-07
2.7502097,1.341105E-07
2.7715607,2.384186E-07
2.7851932,1.573935E-07
2.7978444,1.573935E-07
2.8111962,1.1269E-07
2.8236641,1.1269E-07
2.8367359,1.825392E-07
2.8599032,2.384186E-07
2.8813243,1.803041E-06
2.9031157,1.046434E-05
2.9156202,1.877919E-05
2.9286138,1.168251E-05
2.9426617,1.168251E-05
2.9579713,1.296774E-05
2.9733961,1.296774E-05
2.9874067,1.958106E-05
3.000421,3.291667E-05
3.0216331,3.291667E-05
3.0386482,2.91774E-05
3.0546447,3.153086E-05
3.070546,4.673004E-05
3.0928088,2.984051E-05
3.1151164,1.189206E-05
3.1289129,8.95001E-07
3.1497818,8.95001E-07
3.1623,3.241934E-06
3.174806,2.145767E-06
3.1868422,3.580004E-06
3.1991386,3.580004E-06
3.2120056,4.963018E-06
3.2257319,4.963018E-06
3.2385852,1.525879E-05
3.2599425,7.712282E-06
3.2743948,3.696419E-06
3.2944545,3.696419E-06
3.3168037,2.057292E-06
3.3391388,1.14087E-06
3.3520242,4.563481E-06
3.3652307,4.827976E-06
3.3795484,1.01421E-06
3.4001902,1.01421E-06
3.4143682,1.825392E-07
3.4297028,5.820766E-07
3.4425561,5.820766E-07
3.461426,2.691522E-07
3.4849523,2.095476E-07
3.5062687,2.691522E-07
3.5186949,3.362074E-07
3.5395166,5.820766E-07
3.5538071,8.381903E-07
3.5658838,8.381903E-07
3.5788048,1.416542E-06
3.5912176,4.107133E-07
3.6037803,4.107133E-07
3.6163909,4.107133E-07
3.6287431,1.573935E-07
3.651208,2.384186E-07
3.6733678,7.301569E-07
3.697418,1.34483E-06
3.718324,7.832423E-07
3.7320514,7.832423E-07
3.7454487,5.238689E-06
3.7581482,5.238689E-06
3.7711763,3.814697E-06
3.7913785,3.814697E-06
3.8034764,2.715737E-06
3.8188727,3.017485E-07
3.8417209,3.696419E-06
3.8633313,5.812384E-06
3.8860617,2.920628E-06
3.8997267,3.934838E-06
3.9132485,1.076609E-06
3.932726,1.076609E-06
3.945593,4.507601E-07
3.9608331,6.295741E-07
3.9752199,6.295741E-07
3.9885488,1.341105E-07
4.002035,3.017485E-07
4.0197028,3.017485E-07
4.0422999,1.341105E-07
4.063367,1.341105E-07
4.0766663,2.095476E-07
4.0887636,1.1269E-07
4.1022039,1.1269E-07
4.1165674,2.095476E-07
4.1297341,1.573935E-07
4.1458237,1.573935E-07
4.1578165,1.825392E-07
4.179811,1.825392E-07
4.1984482,1.825392E-07
4.2207713,2.691522E-07
4.2328167,1.825392E-07
4.2458953,1.825392E-07
4.2579008,2.384186E-07
4.2704106,2.384186E-07
4.2903846,2.095476E-07
4.3039209,1.341105E-07
4.3169892,1.825392E-07
4.3291471,1.825392E-07
4.3418512,1.341105E-07
4.3545115,1.341105E-07
4.3772916,1.341105E-07
4.4002569,1.573935E-07
4.4225229,2.095476E-07
4.4445462,1.1269E-07
4.4586763,1.825392E-07
4.4728081,1.825392E-07
4.4855059,1.825392E-07
4.4990305,1.573935E-07
4.5128559,2.384186E-07
4.5255212,2.384186E-07
4.5463164,1.825392E-07
4.5671332,1.573935E-07
4.5897666,1.825392E-07
4.6023825,1.573935E-07
4.6148221,1.573935E-07
4.6278171,2.095476E-07
4.6401132,2.095476E-07
4.6532302,2.095476E-07
4.6750308,1.341105E-07
4.6884397,1.573935E-07
4.7009678,1.341105E-07
4.725126,1.341105E-07
4.7464008,1.825392E-07
4.7683004,1.825392E-07
4.7905611,1.573935E-07
4.8027828,1.1269E-07
4.8234236,1.341105E-07
4.8360293,2.095476E-07
4.8482122,1.825392E-07
4.8602555,1.825392E-07
4.8722589,1.573935E-07
4.8842013,1.573935E-07
4.8980299,1.341105E-07
4.9107495,1.341105E-07
4.9319217,1.573935E-07
4.9436765,1.825392E-07
4.9579184,1.825392E-07
4.9801392,1.341105E-07
5.0032473,1.825392E-07
5.0255355,1.341105E-07
5.038723,1.341105E-07
5.0509796,1.825392E-07
5.0705742,1.825392E-07
5.0829352,1.341105E-07
5.0954174,3.362074E-07
5.1084346,1.341105E-07
5.1217357,1.341105E-07
5.1351736,1.825392E-07
5.1479753,1.1269E-07
5.1608649,1.1269E-07
5.1812666,1.573935E-07
5.2036324,9.313226E-08
5.2262041,1.573935E-07
5.2386416,1.341105E-07
5.2506246,1.341105E-07
5.2631633,1.825392E-07
5.2750549,1.825392E-07
5.2870044,1.825392E-07
5.3056614,1.825392E-07
5.3177939,1.341105E-07
5.3301704,1.341105E-07
5.3437659,1.825392E-07
5.3559858,1.825392E-07
5.3687058,1.825392E-07
5.3813368,1.825392E-07
5.3935169,1.573935E-07
5.4157487,1.573935E-07
5.4387295,1.1269E-07
5.4607388,1.341105E-07
5.4726854,1.1269E-07
5.4847354,1.1269E-07
5.4971877,1.341105E-07
5.5090441,1.573935E-07
5.5295125,1.573935E-07
5.5425565,4.694797E-06
5.558317,4.694797E-06
5.5709245,1.341105E-07
5.584398,1.341105E-07
5.5970598,1.825392E-07
5.6088809,1.825392E-07
5.6279751,1.825392E-07
5.6508977,2.384186E-07
5.664258,1.573935E-07
5.6759331,1.573935E-07
5.687543,1.341105E-07
5.7007619,1.341105E-07
5.7133482,1.573935E-07
5.7252194,1.573935E-07
5.737134,7.301569E-07
5.7568333,1.076609E-06
5.7746824,6.295741E-07
5.795777,3.362074E-07
5.8180416,1.825392E-07
5.8403111,1.573935E-07
5.8525924,1.573935E-07
5.8654368,3.72529E-07
5.8781575,3.362074E-07
5.8982415,3.362074E-07
5.9102759,3.72529E-07
5.9222737,3.017485E-07
5.9341365,3.017485E-07
5.9460123,2.384186E-07
5.9583842,6.295741E-07
5.9716211,6.295741E-07
5.9843202,1.206994E-06
6.0036295,1.206994E-06
6.0212565,4.107133E-07
6.0434156,6.295741E-07
6.0654193,4.107133E-07
6.0883267,3.72529E-07
6.1023509,3.017485E-07
6.1165438,3.72529E-07
6.128824,6.295741E-07
6.1483265,6.295741E-07
6.1616258,3.72529E-07
6.1794993,3.72529E-07
6.1985113,3.017485E-07
6.2200319,1.573935E-07
6.2428769,1.573935E-07
6.2549981,1.573935E-07
6.2748596,1.825392E-07
6.2872347,1.573935E-07
6.2997491,1.825392E-07
6.3118294,1.825392E-07
6.3247806,1.825392E-07
6.3365767,1.573935E-07
6.3499666,9.536743E-07
6.3630812,9.536743E-07
6.3860129,8.381903E-07
6.3997018,5.364418E-07
6.4126443,9.536743E-07
6.4328351,9.536743E-07
6.4547041,4.507601E-07
6.4790043,3.72529E-07
6.4925892,3.72529E-07
6.5058667,1.416542E-06
6.5276362,1.825392E-05
6.5411781,1.14087E-06
6.5553847,1.14087E-06
6.5687044,5.521812E-06
6.5916178,3.017485E-07
6.6128016,3.362074E-07
6.63488,6.789342E-07
6.6584176,1.573935E-07
6.6806955,1.341105E-07
6.6941948,1.341105E-07
6.7080255,1.341105E-07
6.7217539,4.107133E-07
6.7346741,1.825392E-07
6.7483084,2.095476E-07
6.7615964,2.095476E-07
6.7836495,1.573935E-07
6.8040783,1.825392E-07
6.8169104,1.825392E-07
6.8300598,1.573935E-07
6.8456324,1.825392E-07
6.859454,1.341105E-07
6.8723164,1.341105E-07
6.8852595,1.573935E-07
6.9045681,1.573935E-07
6.9257604,1.825392E-07
6.9390192,1.573935E-07
6.9521312,1.573935E-07
6.9667877,1.573935E-07
6.9807933,2.095476E-07
6.994076,1.341105E-07
7.0160621,1.341105E-07
7.0283434,1.825392E-07
7.046823,1.825392E-07
7.0606921,1.341105E-07
7.0727784,1.825392E-07
7.0867625,1.825392E-07
7.0995212,1.341105E-07
7.1118995,1.573935E-07
7.1318357,1.573935E-07
7.1439911,2.095476E-07
7.1590958,2.095476E-07
7.1810501,1.341105E-07
7.2031557,9.313226E-08
7.2285836,1.825392E-07
7.2416068,1.825392E-07
7.2549773,1.825392E-07
7.2762355,1.573935E-07
7.2899396,1.573935E-07
7.3022431,1.573935E-07
7.3157963,1.573935E-07
7.3373796,1.825392E-07
7.361329,1.825392E-07
7.3833245,1.341105E-07
7.405831,1.341105E-07
7.4302071,1.341105E-07
7.4441845,1.573935E-07
7.4571266,1.573935E-07
7.4701416,1.341105E-07
7.4832424,1.341105E-07
7.4959328,1.341105E-07
7.5161398,1.341105E-07
7.5382263,2.691522E-07
7.5607399,1.573935E-05
7.5727881,5.364418E-07
7.5850761,1.573935E-07
7.5972234,1.573935E-07
7.6099525,3.017485E-07
7.6238054,3.017485E-07
7.6367718,2.691522E-07
7.6568615,1.573935E-07
7.668885,1.573935E-07
7.6809537,1.573935E-07
7.6929948,1.573935E-07
7.7062546,1.573935E-07
7.7292773,1.573935E-07
7.7504238,1.1269E-07
7.7731094,1.573935E-07
7.7935689,1.573935E-07
7.8057776,1.825392E-07
7.8186259,1.573935E-07
7.8320891,1.573935E-07
7.8511146,1.573935E-07
7.8734462,1.341105E-07
7.8855818,1.799408E-05
7.8975239,0.0001121396
7.9182095,0.0001121396
7.930867,0.0001690127
7.9430552,0.0001690127
7.955352,9.897724E-05
7.9690988,3.017485E-07
7.9815511,3.017485E-07
7.9942213,5.820766E-07
8.0067872,5.820766E-07
8.0296075,2.504885E-05
8.0552921,0.0003122175
8.074296,0.0001877556
8.0971537,0.0001877556
8.1092132,0.001828001
8.1213997,0.0023456
8.1337924,0.0023456
8.1458963,0.002015234
8.166304,0.003404677
8.1790684,0.0007212162
8.1920874,0.0007212162
8.2040351,1.34483E-06
8.2164021,1.34483E-06
8.2285226,5.364418E-07
8.2409558,5.364418E-07
8.2656598,0.0001082951
8.2883475,6.789342E-05
8.3096953,0.000110209
8.3310985,0.0001953579
8.3436375,0.0006540157
8.3567295,0.005090836
8.3694336,0.009352864
8.38137,0.009352864
8.3933914,0.004939557
8.4132529,0.004939557
8.4258463,0.004217386
8.4380768,0.002031707
8.4542309,0.002031707
8.477706,0.002535526
8.498815,0.003190898
8.5218653,0.003159944
8.5347587,0.001413584
8.5560797,0.001893822
8.5679526,0.002026209
8.5796042,0.002026209
8.5920233,0.0009995848
8.6037344,0.0009995848
8.6160774,0.001074258
8.628766,0.001203985
8.6413012,0.001203985
8.6602163,0.001102448
8.6747462,0.001227394
8.6885473,0.001074258
8.7112833,0.001074258
8.7339915,0.0006872052
8.7555219,0.0004868293
8.7678307,0.0001869202
8.779929,6.839726E-05
8.7997905,6.839726E-05
8.8123087,9.127893E-06
8.8259723,6.789342E-07
8.8380036,2.691522E-07
8.8501692,2.691522E-07
8.8625845,1.341105E-07
8.8775584,1.341105E-07
8.8896669,1.341105E-07
8.9090175,1.341105E-07
8.9231316,1.825392E-07
8.9456603,1.341105E-07
8.9683209,3.017485E-07
8.9906789,1.386181E-05
9.0026982,4.714821E-05
9.0150941,0.0001650685
9.0355568,0.0002460517
9.047574,0.0002460517
9.0596314,0.0004485585
9.0717311,0.0004485585
9.085426,0.0005058656
9.098103,0.0002393955
9.1103557,0.0002393955
9.1221934,0.0002625966
9.1411222,0.0002625966
9.1575351,0.0001730034
9.1801562,6.199256E-05
9.2023034,2.715737E-06
9.2250803,2.920628E-06
9.2370876,2.328306E-06
9.2490981,2.691522E-07
9.2617757,2.691522E-07
9.2816566,1.573935E-07
9.2947631,1.341105E-07
9.3068278,1.573935E-07
9.3198743,1.573935E-07
9.3316073,1.341105E-07
9.3433843,1.341105E-07
9.3565623,8.95001E-07
9.3697523,8.95001E-07
9.3925515,3.352761E-06
9.4146831,1.573935E-07
9.4371,1.825392E-07
9.459762,3.017485E-07
9.471617,1.825392E-07
9.4850739,1.825392E-07
9.4982167,2.095476E-07
9.5108643,2.095476E-07
9.5310347,2.095476E-07
9.5440625,1.573935E-07
9.5560596,1.573935E-07
9.5723187,1.573935E-07
9.5933827,1.573935E-07
9.6159801,1.573935E-07
9.6385769,1.825392E-07
9.6519174,1.341105E-07
9.6721873,1.341105E-07
9.684129,1.573935E-07
9.6964589,1.825392E-07
9.7108164,1.825392E-07
9.7229891,1.341105E-07
9.736001,1.341105E-07
9.7484861,1.573935E-07
9.7616613,1.825392E-07
9.7838039,1.825392E-07
9.8057271,1.341105E-07
9.8280563,7.543713E-08
9.8512302,7.543713E-08
9.8639311,1.825392E-07
9.876613,1.341105E-07
9.8900227,1.573935E-07
9.9030216,1.573935E-07
9.9241433,1.341105E-07
9.9368622,1.573935E-07
9.9487024,1.825392E-07
9.9609086,1.825392E-07
9.9742826,1.573935E-07
9.9956247,1.573935E-07
10.0181538,1.573935E-07
10.0403426,1.825392E-07
10.061678,1.573935E-07
10.0739572,1.1269E-07
10.0864818,1.573935E-07
10.0994637,2.095476E-07
10.1117341,2.095476E-07
10.1254364,1.825392E-07
10.1378235,2.691522E-07
10.1500477,2.691522E-07
10.1712512,2.691522E-07
10.1842131,4.107133E-07
10.2078846,8.381903E-07
10.230078,7.301569E-07
10.2525848,4.507601E-07
10.2751181,5.364418E-07
10.287344,1.722015E-06
10.3073511,1.722015E-06
10.3195531,3.465451E-06
10.3353101,3.465451E-06
10.3489194,4.180707E-06
10.3626704,1.076609E-06
10.3762891,1.076609E-06
10.3891716,1.490116E-06
10.4031377,8.381903E-07
10.4255628,8.381903E-07
10.4443668,9.536743E-07
10.4573501,1.206994E-06
10.4701244,1.206994E-06
10.4843715,1.206994E-06
10.4974896,8.95001E-07
10.5098259,9.536743E-07
10.5219358,9.536743E-07
10.5441856,4.507601E-07
10.5651243,7.832423E-07
10.5772459,1.076609E-06
10.5900621,4.107133E-07
10.6020405,4.107133E-07
10.6142869,6.789342E-07
10.6261305,6.789342E-07
10.6381805,3.017485E-07
10.6593978,3.017485E-07
10.6727906,2.095476E-07
10.6850966,1.573935E-07
10.7006618,3.72529E-07
10.7235544,3.72529E-07
10.7452784,2.095476E-07
10.769007,4.107133E-07
10.7912526,8.381903E-07
10.8057074,8.381903E-07
10.8191883,2.384186E-07
10.8329463,2.095476E-07
10.8457241,2.095476E-07
10.8582667,1.573935E-07
10.8798606,3.017485E-07
10.9019034,1.341105E-07
10.9243655,1.825392E-07
10.9381309,1.573935E-07
10.9532642,1.825392E-07
10.9683012,1.825392E-07
10.9817683,1.341105E-07
10.9955687,1.341105E-07
11.0139337,1.341105E-07
11.0359969,1.1269E-07
11.0588253,1.825392E-07
11.0718097,1.1269E-07
11.0844789,1.825392E-07
11.0985846,1.825392E-07
11.1126012,1.573935E-07
11.1254068,1.573935E-07
11.1393919,1.573935E-07
11.1612337,1.573935E-07
11.1836457,1.1269E-07
11.1963438,1.341105E-07
11.2099626,1.573935E-07
11.2231589,1.573935E-07
11.2361045,1.341105E-07
11.2491009,1.573935E-07
11.2704187,1.573935E-07
11.2930042,1.573935E-07
11.3152684,1.573935E-07
11.3289144,1.573935E-07
11.3435815,1.573935E-07
11.3568261,1.573935E-07
11.3705683,1.573935E-07
11.3860348,1.573935E-07
11.4001204,1.825392E-07
11.4213515,1.825392E-07
11.4374121,1.825392E-07
11.4624253,3.017485E-07
11.4830453,1.825392E-07
11.4964885,1.825392E-07
11.5113573,1.573935E-07
11.5243949,1.573935E-07
11.5463707,1.1269E-07
11.5603361,1.573935E-07
11.5734729,2.384186E-07
11.595553,2.384186E-07
11.6171318,1.825392E-07
11.6395233,4.926696E-07
11.6527034,1.803041E-06
11.6672647,6.888062E-06
11.6892719,7.882714E-06
11.7020867,0.0002616085
11.7149477,0.0002616085
11.728247,0.0004155785
11.7508476,0.0001945058
11.7730738,0.0001945058
11.7954554,0.0003100643
11.8198368,0.0005280683
11.8342948,0.0003454098
11.847453,0.0007661516
11.8606663,0.0007661516
11.8745389,0.001432002
11.88787,0.001040519
11.9068076,0.001040519
11.9295595,0.001216725
11.9513548,0.001261845
11.9661156,0.0006186077
11.9798839,0.001007318
11.9932178,0.001007318
12.0063813,0.0006005252
12.0210396,0.001062289
12.0349461,0.001062289
12.0513696,0.001013138
12.0747266,0.001296774
12.0888239,0.0009938041
12.1020826,0.0009938041
12.1156132,0.001050387
12.1287704,0.0006856062
12.1429608,0.0006856062
12.1563186,0.0003995607
12.1767972,0.0006020218
12.196676,0.001036585
12.2102838,0.0009957291
12.2256653,0.0009957291
12.2396381,0.0009072656
12.2529614,0.0009072656
12.2672381,0.0003814697
12.280231,7.617846E-05
12.3013182,7.617846E-05
12.3207442,0.0002163686
12.3347477,0.0005031237
12.3475435,0.0002199747
12.3608629,0.000421823
12.3741685,0.000421823
12.388033,2.535526E-05
12.4009395,2.535526E-05
12.421709,0.0003838576
12.4449006,0.0003850544
12.45789,0.0001001954
12.4709266,0.0001051426
12.4834956,0.0001051426
12.496339,0.0004446888
12.5086259,0.000774622
12.5298348,0.000774622
12.5423262,0.001255349
12.5648701,0.001102448
12.5869947,0.001325504
12.6093626,0.001235962
12.6219919,0.0007343888
12.6365052,0.0007343888
12.6504999,8.892361E-05
12.6725564,3.017485E-07
12.6856269,1.341105E-07
12.7005366,2.095476E-07
12.7230434,2.095476E-07
12.7451222,3.132969E-06
12.7673621,0.0002254397
12.7899214,1.274981E-06
12.8030578,1.825392E-07
12.8242328,1.341105E-07
12.8395036,2.691522E-07
12.8526009,0.0001089312
12.866561,0.0001089312
12.8800743,7.778499E-05
12.8939709,7.778499E-05
12.9126085,0.0001416542
12.9423933,0.000106398
12.9576059,0.0001200298
12.9705858,0.0001877556
12.9836753,0.0001730034
12.9966572,0.0001730034
13.0114068,7.353816E-05
13.0243845,3.433228E-05
13.0397741,3.433228E-05
13.0623695,1.432002E-05
13.0801724,7.197633E-05
13.1034652,3.256742E-05
13.1172335,2.691522E-05
13.1306467,2.65995E-05
13.1444513,2.65995E-05
13.1571938,6.441865E-05
13.1703873,0.0001438418
13.1918571,0.0001438418
13.214408,5.364418E-05
13.2365083,5.544722E-05
13.2508196,1.549814E-05
13.2659352,7.882714E-06
13.2790275,1.455192E-05
13.2925867,1.455192E-05
13.3151224,1.210347E-05
13.3289348,5.666167E-06
13.3483111,8.381903E-07
13.3707654,8.381903E-07
13.393505,2.384186E-07
13.407092,4.107133E-07
13.4212055,3.017485E-07
13.4342012,3.017485E-07
13.4560275,3.017485E-07
13.4709498,2.691522E-07
13.4841268,2.691522E-07
13.5045095,1.825392E-07
13.5269049,2.095476E-07
13.5493359,2.095476E-07
13.5620093,1.341105E-07
13.5769352,1.341105E-07
13.6004988,1.825392E-07
13.6136363,1.825392E-07
13.6269345,2.691522E-07
13.6399401,1.341105E-07
13.6612216,1.341105E-07
13.6842954,1.573935E-07
13.7054443,1.573935E-07
13.7273231,2.095476E-07
13.7403883,1.825392E-07
13.7530141,2.095476E-07
13.7676061,2.095476E-07
13.7806956,1.825392E-07
13.7942213,1.573935E-07
13.8069246,1.573935E-07
13.8214676,1.341105E-07
13.8442833,1.573935E-07
13.8613838,2.095476E-07
13.8764078,2.095476E-07
13.8892356,1.825392E-07
13.902511,2.095476E-07
13.9159312,2.095476E-07
13.9296522,1.825392E-07
13.9506358,2.095476E-07
13.9642246,1.573935E-07
13.9845557,1.573935E-07
13.9973152,1.573935E-07
14.0112065,1.573935E-07
14.0240975,1.573935E-07
14.0367861,1.1269E-07
14.0495603,1.341105E-07
14.0721514,1.341105E-07
14.0878344,1.825392E-07
14.1069226,1.825392E-07
14.1298152,1.341105E-07
14.1533912,1.341105E-07
14.1675784,1.825392E-07
14.1808272,1.573935E-07
14.1938522,1.573935E-07
14.2157695,1.341105E-07
14.2295808,1.341105E-07
14.2530206,1.341105E-07
14.275135,1.573935E-07
14.2994631,1.341105E-07
14.3191627,1.341105E-07
14.3332071,1.573935E-07
14.3554537,1.573935E-07
14.369264,1.825392E-07
14.3829081,1.825392E-07
14.3959475,1.573935E-07
14.4085391,1.573935E-07
14.4223853,1.573935E-07
14.4431411,1.825392E-07
14.4641651,1.825392E-07
14.488642,1.573935E-07
14.5032027,1.341105E-07
14.5167393,1.341105E-07
14.5297924,1.825392E-07
14.5435914,1.573935E-07
14.5570776,1.573935E-07
14.5766415,1.825392E-07
14.5993803,1.825392E-07
14.6216781,1.573935E-07
14.6345764,1.573935E-07
14.6479304,1.573935E-07
14.6609709,1.573935E-07
14.6766017,1.573935E-07
14.6898474,1.341105E-07
14.7040934,1.341105E-07
14.7255332,1.573935E-07
14.7448147,1.573935E-07
14.7668145,1.341105E-07
14.7814262,1.573935E-07
14.7946775,1.341105E-07
14.807851,1.341105E-07
14.8228597,1.1269E-07
14.8365857,1.1269E-07
14.8580435,2.095476E-07
14.8786113,4.926696E-07
14.9006357,8.95001E-07
14.9162662,4.107133E-07
14.9301544,2.095476E-07
14.9437488,1.825392E-07
14.9572847,1.825392E-07
14.9701425,1.573935E-07
14.9919752,1.573935E-07
15.0127016,1.573935E-07
15.0346154,1.1269E-07
15.0474273,1.573935E-07
15.0617059,1.573935E-07
15.0745746,2.095476E-07
15.0886511,1.825392E-07
15.1104463,1.825392E-07
15.1257122,1.825392E-07
15.1466287,1.341105E-07
15.1685869,1.341105E-07
15.1911427,2.384186E-07
15.2143318,3.017485E-07
15.2273928,3.362074E-07
15.2432591,8.381903E-07
15.2632169,8.381903E-07
15.2790557,7.832423E-07
15.292324,5.820766E-07
15.3139937,5.820766E-07
15.3379579,6.295741E-07
15.3592123,8.95001E-07
15.3809871,5.364418E-07
15.4029738,5.820766E-07
15.4161479,1.01421E-06
15.4290226,2.095476E-07
15.4432049,2.095476E-07
15.4565673,2.095476E-07
15.4696127,3.362074E-07
15.482912,1.341105E-07
15.5045373,1.341105E-07
15.5262955,2.095476E-07
15.5497319,2.691522E-07
15.5633813,2.691522E-07
15.5773019,2.691522E-07
15.590255,1.341105E-07
15.6031932,1.341105E-07
15.6160672,1.825392E-07
15.6378374,1.573935E-07
15.6602914,1.573935E-07
15.682515,1.573935E-07
15.6965429,1.825392E-07
15.7113919,1.573935E-07
15.7253132,1.573935E-07
15.7387634,1.1269E-07
15.7551711,1.341105E-07
15.7763598,1.341105E-07
15.7901358,1.341105E-07
15.803317,2.095476E-07
15.8165627,2.095476E-07
15.8387642,1.573935E-07
15.8613327,1.573935E-07
15.8837658,1.825392E-07
15.8971805,1.573935E-07
15.9185938,1.573935E-07
15.9326996,1.573935E-07
15.9470842,1.573935E-07
15.9612442,1.825392E-07
15.974004,1.573935E-07
15.9880893,1.573935E-07
16.0056366,1.825392E-07
16.0361394,2.384186E-07
16.0511658,1.573935E-07
16.0638484,1.573935E-07
16.0789153,1.573935E-07
16.0923042,1.573935E-07
16.1063246,1.573935E-07
16.119572,1.573935E-07
16.1334909,1.573935E-07
16.1545982,1.341105E-07
16.1744875,1.341105E-07
16.188028,1.573935E-07
16.2008213,1.825392E-07
16.2144799,1.825392E-07
16.2277884,1.573935E-07
16.2406903,1.573935E-07
16.2543193,2.095476E-07
16.2766597,2.095476E-07
16.2968484,1.1269E-07
16.3195309,1.573935E-07
16.3337872,1.341105E-07
16.3469169,1.341105E-07
16.3607934,1.573935E-07
16.3752401,1.573935E-07
16.396907,1.573935E-07
16.4118862,1.573935E-07
16.4304296,1.573935E-07
16.4533733,1.573935E-07
16.4756111,9.313226E-08
16.4895835,1.341105E-07
16.5030295,1.573935E-07
16.5161998,1.573935E-07
16.5379954,1.573935E-07
16.5519392,1.341105E-07
16.566502,1.341105E-07
16.5887048,1.825392E-07
16.609658,1.341105E-07
16.6320034,1.573935E-07
16.6540271,1.573935E-07
16.668081,1.1269E-07
16.6896619,1.1269E-07
16.7028067,9.313226E-08
16.7168268,1.341105E-07
16.7297946,1.341105E-07
16.7433175,1.341105E-07
16.7560547,1.341105E-07
16.7770964,1.341105E-07
16.8007838,1.341105E-07
16.8217144,1.825392E-07
16.8372807,1.825392E-07
16.849988,1.341105E-07
16.8631536,1.341105E-07
16.8777417,1.341105E-07
16.8908203,1.1269E-07
16.9112033,1.1269E-07
16.9339436,1.825392E-07
16.9561704,1.573935E-07
16.9700219,1.341105E-07
16.9832609,1.341105E-07
17.0000014,1.573935E-07
17.0129456,1.341105E-07
17.0274262,1.341105E-07
17.0412132,1.341105E-07
17.0630715,1.341105E-07
17.0787672,1.341105E-07
17.1014758,1.825392E-07
17.1234745,1.341105E-07
17.1460839,1.573935E-07
17.1597679,8.381903E-07
17.1738345,8.381903E-07
17.1954312,6.789342E-07
17.2125025,2.095476E-07
17.225708,2.095476E-07
17.2468336,2.095476E-07
17.2687237,2.095476E-07
17.2910761,1.341105E-07
17.3135692,1.825392E-07
17.3287786,1.341105E-07
17.3521754,1.341105E-07
17.3672385,1.573935E-07
17.3818277,1.825392E-07
17.3947599,1.825392E-07
17.4148397,1.341105E-07
17.4362227,1.341105E-07
17.4583353,1.341105E-07
17.4806257,1.573935E-07
17.4944683,1.341105E-07
17.5074517,1.825392E-07
17.5212436,1.825392E-07
17.5342072,1.573935E-07
17.5474053,2.384186E-07
17.5602085,2.384186E-07
17.5815658,3.362074E-07
17.6038201,1.573935E-07
17.627352,1.825392E-07
17.6406919,1.573935E-07
17.6553498,1.573935E-07
17.6687588,1.1269E-07
17.6818493,1.1269E-07
17.6945442,1.1269E-07
17.715228,1.573935E-07
17.7377684,1.341105E-07
17.7603348,1.825392E-07
17.7739049,1.341105E-07
17.7879207,1.341105E-07
17.801439,2.095476E-07
17.8150828,2.095476E-07
17.8295105,1.1269E-07
17.8513494,1.1269E-07
17.8640341,1.573935E-07
17.884622,1.1269E-07
17.9053559,1.825392E-07
17.9277749,1.341105E-07
17.9415358,1.573935E-07
17.9552268,1.573935E-07
17.9677821,1.341105E-07
17.9887374,1.341105E-07
18.003292,1.825392E-07
18.0163159,1.825392E-07
18.0405478,1.825392E-07
18.0623064,1.341105E-07
18.0841185,1.341105E-07
18.1062153,1.573935E-07
18.1285874,1.573935E-07
18.1413532,1.341105E-07
18.1556941,1.341105E-07
18.1685932,1.573935E-07
18.1815889,1.573935E-07
18.1949358,1.573935E-07
18.2079255,1.573935E-07
18.2291375,1.573935E-07
18.2526423,1.573935E-07
18.2743169,1.825392E-07
18.2884389,1.341105E-07
18.3022562,2.384186E-07
18.3158823,4.926696E-07
18.3291887,4.926696E-07
18.3432898,2.691522E-07
18.3626958,2.691522E-07
18.3865023,1.573935E-07
18.4080102,1.573935E-07
18.4234876,1.573935E-07
18.436752,1.573935E-07
18.4508359,1.341105E-07
18.4638178,1.573935E-07
18.4775501,1.573935E-07
18.5000647,1.573935E-07
18.5189301,2.095476E-07
18.5420071,1.341105E-07
18.5575423,1.573935E-07
18.5704724,1.573935E-07
18.5837037,1.573935E-07
18.5967336,1.341105E-07
18.6113905,1.573935E-07
18.633172,1.573935E-07
18.6525014,1.341105E-07
18.6783228,1.825392E-07
18.6912797,1.573935E-07
18.7048949,1.573935E-07
18.7175669,1.573935E-07
18.7302802,1.573935E-07
18.7445675,1.573935E-07
18.7652848,2.095476E-07
18.7881555,1.341105E-07
18.8099554,1.341105E-07
18.8236584,1.341105E-07
18.8366411,1.573935E-07
18.8504009,1.573935E-07
18.8638215,1.573935E-07
18.8887801,1.1269E-07
18.9025519,1.573935E-07
18.9218009,1.573935E-07
18.9454992,1.825392E-07
18.9664468,1.341105E-07
18.989003,1.341105E-07
19.0017151,1.1269E-07
19.0157807,1.1269E-07
19.0400696,1.573935E-07
19.0545149,1.573935E-07
19.0673604,1.573935E-07
19.0818699,1.573935E-07
19.1004267,1.573935E-07
19.1226423,1.341105E-07
19.1358224,3.017485E-07
19.1579255,1.490116E-06
19.1711444,1.076609E-06
19.1839091,1.076609E-06
19.1984859,3.017485E-07
19.2117161,3.362074E-07
19.2244703,3.362074E-07
19.2373648,7.832423E-07
19.2569273,1.885928E-06
19.2791464,5.364418E-07
19.2933677,5.364418E-07
19.3065172,1.970679E-06
19.3210111,6.728806E-06
19.3340689,6.728806E-06
19.3473499,5.099922E-06
19.3604563,4.056841E-06
19.379767,4.056841E-06
19.4019138,0.0003230954
19.4166867,0.0003319317
19.429389,0.0001467848
19.4420589,0.0001467848
19.4566995,4.107133E-05
19.4700232,0.000159625
19.4835577,0.000159625
19.5058646,0.00031114
19.5251492,0.0005113715
19.5475315,0.001187102
19.5605974,0.001697335
19.5738057,0.001987928
19.5883677,0.001987928
19.6011875,0.001593366
19.6141677,0.001593366
19.635842,0.001712456
19.6490164,0.001573935
19.6700024,0.001336638
19.6925636,0.0011269
19.7158684,0.001253188
19.7297386,0.001509235
19.7434822,0.001193419
19.7570226,0.001193419
19.7773087,0.00111872
19.7892042,0.001388454
19.8013575,0.001388454
19.8145041,0.0004589595
19.836615,0.0002889419
19.859095,0.001086295
19.8809386,0.001318846
19.8932551,0.0007780232
19.9154777,0.0007780232
19.9282259,0.0009938041
19.9404434,0.0003545443
19.9539842,0.0003545443
19.9677208,0.0003036493
19.9797446,0.0004827976
19.9926635,0.0004827976
20.013177,0.0002695657
20.0258553,0.0002127923
20.0484908,4.673004E-05
20.0710999,3.465451E-06
20.0928599,3.465451E-06
20.1048545,1.642853E-06
20.11806,6.789342E-07
20.1296287,7.832423E-07
20.1493692,7.832423E-07
20.1612415,3.017485E-07
20.1730915,4.107133E-07
20.1861126,4.107133E-07
20.1987134,3.72529E-07
20.2113417,6.571412E-06
20.2237707,6.571412E-06
20.2359258,0.0001213709
20.2552872,0.0001213709
20.2717167,0.001108536
20.2938223,0.001090322
20.3161129,0.0006952286
20.339648,0.001208224
20.3517082,3.837887E-05
20.3639846,0.00128362
20.3759633,0.00128362
20.3957296,0.0004230775
20.4088046,1.799408E-05
20.4204096,1.799408E-05
20.4327026,2.384186E-07
20.4443646,2.384186E-07
20.4561336,1.825392E-07
20.4679692,4.926696E-07
20.4811045,4.926696E-07
20.500868,6.247405E-05
20.5138006,0.001939245
20.5283862,0.0005407669
20.5534231,0.0005407669
20.5739023,0.0006446838
20.5954374,0.0005436093
20.6073378,3.465451E-06
20.6211777,5.364418E-07
20.6411041,5.364418E-07
20.6531449,2.384186E-07
20.6657238,1.573935E-07
20.6775357,1.573935E-07
20.6893523,1.573935E-07
20.7015736,2.884865E-05
20.7132572,2.884865E-05
20.7260548,2.884865E-05
20.7451638,2.145767E-06
20.7596257,1.573935E-07
20.7713604,1.341105E-07
20.7857539,1.341105E-07
20.8075269,2.384186E-07
20.8303987,0.0005990304
20.8527282,3.362074E-05
20.8651755,0.0001121396
20.8843336,0.0001706034
20.8963507,0.0001706034
20.9082882,6.008521E-05
20.920084,2.295617E-05
20.9427516,2.295617E-05
20.9640684,1.647417E-05
20.978277,0.0001835972
20.9901123,0.0001835972
21.0094889,3.362074E-05
21.0229642,0.0001467848
21.0350417,0.0001467848
21.0466244,0.0002245242
21.0586924,0.0002245242
21.0711976,0.0002665678
21.0852959,0.0002665678
21.0975927,0.0002858378
21.1169257,0.0003684694
21.1321933,0.0003230954
21.1541274,0.0003230954
21.1771896,6.941054E-05
21.2002751,3.241934E-06
21.2120804,3.241934E-06
21.2240976,2.095476E-07
21.2446865,2.095476E-07
21.2564495,2.384186E-07
21.2688115,2.384186E-07
21.2809394,2.095476E-07
21.2937659,2.095476E-07
21.3076315,1.341105E-07
21.3197639,1.341105E-07
21.3321069,1.341105E-07
21.3525563,1.825392E-07
21.3662029,1.825392E-07
21.3889336,9.313226E-08
21.4122229,1.573935E-07
21.4334004,1.573935E-07
21.4453802,1.1269E-07
21.4577796,1.573935E-07
21.4696145,1.573935E-07
21.4894901,1.573935E-07
21.5024304,1.341105E-07
21.5144712,1.341105E-07
21.5268463,1.341105E-07
21.5385462,1.341105E-07
21.5509625,1.341105E-07
21.5637618,1.573935E-07
21.5759905,1.573935E-07
21.5954109,1.573935E-07
21.6085787,1.825392E-07
21.623732,1.341105E-07
21.6453097,1.825392E-07
21.6675581,1.825392E-07
21.6800294,1.825392E-07
21.6922751,1.573935E-07
21.7041453,1.573935E-07
21.7235036,1.573935E-07
21.736043,1.341105E-07
21.7489414,2.095476E-07
21.7610248,2.095476E-07
21.7725191,1.341105E-07
21.7839954,1.341105E-07
21.7962104,1.341105E-07
21.8092459,1.573935E-07
21.8281765,1.573935E-07
21.8407399,1.341105E-07
21.8537451,1.341105E-07
21.8678325,1.825392E-07
21.8803233,1.825392E-07
21.8921426,1.825392E-07
21.9143081,1.573935E-07
21.9358946,1.341105E-07
21.9593006,1.341105E-07
21.9715801,1.573935E-07
21.9835494,1.573935E-07
21.9960772,1.573935E-07
22.0088835,3.017485E-07
22.0224409,3.017485E-07
22.0343664,3.362074E-07
22.0470331,3.362074E-07
22.0665843,3.72529E-07
22.0814147,1.825392E-07
22.1031866,1.341105E-07
22.1260218,1.825392E-07
22.1494408,1.573935E-07
22.1619964,1.573935E-07
22.1739128,1.573935E-07
22.1861211,1.341105E-07
22.2068282,1.573935E-07
22.2187836,1.341105E-07
22.2323019,1.341105E-07
22.2441639,1.341105E-07
22.2564153,1.573935E-07
22.2685703,1.573935E-07
22.2808594,1.573935E-07
22.2929199,1.573935E-07
22.3137839,1.1269E-07
22.3267341,1.825392E-07
22.3501052,1.825392E-07
22.3715207,1.573935E-07
22.3938875,1.341105E-07
22.4059372,1.825392E-07
22.4203595,1.341105E-07
22.4337082,1.341105E-07
22.4539442,1.573935E-07
22.4660591,1.573935E-07
22.4781094,1.825392E-07
22.4901421,1.825392E-07
22.502264,1.341105E-07
22.5141877,1.341105E-07
22.5268848,1.573935E-07
22.5504872,1.341105E-07
22.57258,1.573935E-07
22.5952487,1.341105E-07
22.617338,1.341105E-07
22.6297621,1.341105E-07
22.6437907,1.341105E-07
22.6562081,1.341105E-07
22.6683187,1.573935E-07
22.6889013,1.573935E-07
22.7015391,9.313226E-08
22.7134304,1.573935E-07
22.7290453,1.573935E-07
22.7512549,1.341105E-07
22.7736863,1.825392E-07
22.7957781,1.341105E-07
22.8085453,1.1269E-07
22.8281088,1.573935E-07
22.8401701,1.1269E-07
22.8540953,1.1269E-07
22.8673106,1.825392E-07
22.8854901,1.825392E-07
22.9079085,1.825392E-07
22.9204489,1.573935E-07
22.932507,1.573935E-07
22.9524905,1.825392E-07
22.9645899,1.825392E-07
22.9779883,2.095476E-07
22.9903429,1.573935E-07
23.0020343,1.573935E-07
23.0139929,1.341105E-07
23.0263542,1.341105E-07
23.0387434,1.825392E-07
23.0585401,1.341105E-07
23.0714025,1.825392E-07
23.0863319,1.825392E-07
23.1087474,1.573935E-07
23.1311291,1.573935E-07
23.1432062,1.825392E-07
23.1555245,1.825392E-07
23.1678954,1.341105E-07
23.1873172,2.095476E-07
23.2011493,1.825392E-07
23.2130159,1.825392E-07
23.2255172,1.1269E-07
23.2374836,1.825392E-07
23.2495646,1.825392E-07
23.2625325,2.384186E-07
23.2765176,2.384186E-07
23.2962088,1.341105E-07
23.3099291,1.573935E-07
23.3320734,1.573935E-07
23.3549763,1.825392E-07
23.3768752,1.1269E-07
23.3896473,1.341105E-07
23.4029424,1.341105E-07
23.4149,1.825392E-07
23.4338482,1.573935E-07
23.4461133,1.573935E-07
23.458342,1.341105E-07
23.4705408,1.341105E-07
23.4838592,1.573935E-07
23.4963443,1.573935E-07
23.509505,1.573935E-07
23.5222433,1.341105E-07
23.541957,1.341105E-07
23.5552644,1.341105E-07
23.5779313,1.341105E-07
23.6003528,1.573935E-07
23.6228992,1.573935E-07
23.6362849,1.573935E-07
23.6483955,1.573935E-07
23.660181,1.573935E-07
23.6799378,1.341105E-07
23.6930393,1.573935E-07
23.7055984,1.573935E-07
23.7181586,1.1269E-07
23.7314075,1.825392E-07
23.7445943,1.825392E-07
23.7564814,1.573935E-07
23.7789152,1.573935E-07
23.8014806,1.825392E-07
23.8234271,1.573935E-07
23.8360057,3.017485E-07
23.84919,1.573935E-07
23.8617932,2.384186E-07
23.8755904,2.384186E-07
23.8874606,2.384186E-07
23.9081666,2.095476E-07
23.9199105,2.095476E-07
23.93542,1.825392E-07
23.9576253,1.825392E-07
23.9798663,3.72529E-07
24.0028626,4.507601E-07
24.0149866,5.364418E-07
24.0275175,4.107133E-07
24.0481763,4.107133E-07
24.0616784,2.384186E-07
24.0761783,1.642853E-06
24.089064,1.642853E-06
24.1028079,3.025867E-06
24.1162444,3.025867E-06
24.1289626,2.328306E-06
24.1491136,8.95001E-07
24.1714434,6.789342E-07
24.1939717,6.789342E-07
24.2067848,2.691522E-07
24.2195474,6.295741E-07
24.2343132,6.295741E-07
24.2471622,4.507601E-07
24.2601749,4.507601E-07
24.2735546,4.507601E-07
24.2943413,4.507601E-07
24.3105032,5.820766E-07
24.3273865,5.820766E-07
24.348723,4.926696E-07
24.3711691,6.789342E-07
24.3833397,2.691522E-07
24.3955431,3.017485E-07
24.4154539,3.017485E-07
24.428706,2.384186E-07
24.4441563,6.295741E-07
24.4573057,6.295741E-07
24.4698931,2.095476E-07
24.4826229,1.825392E-07
24.4953915,1.825392E-07
24.5195937,4.107133E-07
24.5419281,1.825392E-07
24.5623291,2.691522E-07
24.5771097,3.362074E-07
24.5900793,2.691522E-07
24.6026004,2.691522E-07
24.6156525,1.825392E-07
24.6287942,3.72529E-07
24.641401,3.72529E-07
24.6633228,4.107133E-07
24.6858148,4.507601E-07
24.7074941,3.72529E-07
24.7227969,3.72529E-07
24.7363328,3.72529E-07
24.7498631,2.691522E-07
24.7632488,2.384186E-07
24.7854358,2.384186E-07
24.7998176,2.384186E-07
24.8182228,2.384186E-07
24.8400696,2.095476E-07
24.8625552,1.1269E-07
24.8760732,1.341105E-07
24.8881704,1.573935E-07
24.9000906,1.573935E-07
24.9195505,1.573935E-07
24.9342895,1.341105E-07
24.9470154,1.341105E-07
24.9589702,1.341105E-07
24.9713499,1.341105E-07
24.9833734,1.341105E-07
24.9963102,1.573935E-07
25.0086003,1.573935E-07
25.0299583,1.573935E-07
25.05306,1.573935E-07
25.0748764,1.573935E-07
25.0871006,1.825392E-07
25.0992253,1.573935E-07
25.1111385,1.573935E-07
25.1230351,1.825392E-07
25.1365319,1.825392E-07
25.1569523,1.573935E-07
25.1698672,1.573935E-07
25.1819091,1.341105E-07
25.1943783,1.341105E-07
25.2067238,1.573935E-07
25.2195456,1.573935E-07
25.2423815,1.341105E-07
25.2644948,1.573935E-07
25.2884808,1.573935E-07
25.3093219,1.825392E-07
25.3213624,1.573935E-07
25.3335477,1.341105E-07
25.3476605,1.825392E-07
25.3602659,1.825392E-07
25.3725373,1.825392E-07
25.3848493,1.573935E-07
25.4052675,1.341105E-07
25.4213613,1.573935E-07
25.4437814,1.573935E-07
25.4654945,1.573935E-07
25.4880348,1.573935E-07
25.5004836,1.341105E-07
25.5125452,1.341105E-07
25.5246982,1.341105E-07
25.5441619,1.341105E-07
25.5586115,1.573935E-07
25.5706861,1.341105E-07
25.5826592,1.341105E-07
25.5946944,1.573935E-07
25.6070822,1.573935E-07
25.6202306,1.573935E-07
25.6329015,1.573935E-07
25.6554609,1.573935E-07
25.6782784,1.341105E-07
25.7003553,1.341105E-07
25.7225237,1.1269E-07
25.7359901,1.573935E-07
25.7480559,1.341105E-07
25.7618249,1.573935E-07
25.7738573,1.573935E-07
25.7930005,1.573935E-07
25.8062501,1.1269E-07
25.8196488,1.341105E-07
25.8343198,1.341105E-07
25.8565332,1.573935E-07
25.8792531,1.573935E-07
25.9010621,1.573935E-07
25.9208777,1.573935E-07
25.9340049,1.341105E-07
25.9470035,1.573935E-07
25.9589441,1.573935E-07
25.9806826,1.573935E-07
26.0018516,1.341105E-07
26.0147535,1.341105E-07
26.0269202,1.825392E-07
26.0461198,1.825392E-07
26.0593253,1.825392E-07
26.071376,1.825392E-07
26.0832014,1.341105E-07
26.0948205,1.341105E-07
26.1070175,1.573935E-07
26.119912,1.573935E-07
26.1322211,1.573935E-07
26.1511038,1.573935E-07
26.1638703,1.573935E-07
26.1816559,1.341105E-07
26.2030876,1.825392E-07
26.2256554,1.341105E-07
26.2396758,2.384186E-07
26.252242,3.465451E-06
26.2645364,3.465451E-06
26.2849321,9.536743E-07
26.2973897,1.803041E-06
26.3097736,6.295741E-07
26.3218458,6.295741E-07
26.3351419,6.295741E-07
26.3471584,6.789342E-07
26.3715535,1.573935E-07
26.3942592,1.573935E-07
26.4149571,1.825392E-07
26.4378522,3.017485E-07
26.4515457,2.920628E-06
26.4637706,9.656325E-05
26.4759401,9.656325E-05
26.4883719,0.0002745995
26.5011451,0.0002745995
26.5135784,0.0002931068
26.5335379,0.0002931068
26.549412,0.0002208808
26.5715888,0.0001337761
26.595004,3.222004E-05
26.6168945,3.017485E-07
26.6289275,1.722015E-06
26.6408879,1.722015E-06
26.6530588,1.722015E-06
26.6747173,0.0001114942
26.6870388,0.0007146746
26.6998917,0.001015082
26.7131254,0.001015082
26.725389,0.001149551
26.7384454,0.001459852
26.750636,0.001459852
26.7727141,7.249508E-05
26.7967421,3.72529E-07
26.8174411,2.384186E-07
26.8307964,2.095476E-07
26.8427033,2.095476E-07
26.854755,1.490116E-06
26.8674397,1.490116E-06
26.8795683,6.689131E-05
26.8929692,1.341105E-07
26.9131515,1.341105E-07
26.9259272,1.573935E-07
26.9402315,1.573935E-07
26.9629696,1.573935E-07
26.9849338,1.573935E-07
27.0085781,6.540213E-05
27.0207074,5.231146E-05
27.0403634,5.231146E-05
27.0532194,0.0002827505
27.0655765,5.364418E-05
27.0776727,2.691522E-05
27.0900859,2.691522E-05
27.1033767,2.504885E-05
27.11553,2.504885E-05
27.1283339,6.991997E-05
27.1487102,6.991997E-05
27.1643121,6.991997E-05
27.1858658,2.884865E-05
27.2102341,0.0001127869
27.2305861,6.055925E-05
27.243165,9.358767E-05
27.2551843,0.0001095692
27.2690858,6.540213E-05
27.2889008,6.540213E-05
27.3010273,3.291667E-05
27.313322,3.291667E-05
27.3263339,1.722015E-06
27.3385482,2.057292E-06
27.3509265,2.057292E-06
27.3635791,8.95001E-07
27.3870947,8.95001E-07
27.4105332,2.095476E-07
27.4332981,2.095476E-07
27.4540468,2.095476E-07
27.4688102,1.825392E-07
27.4812674,1.825392E-07
27.4937737,1.573935E-07
27.5060899,1.573935E-07
27.518465,2.095476E-07
27.5386526,1.573935E-07
27.5550864,1.1269E-07
27.5765992,1.825392E-07
27.5992622,1.825392E-07
27.6227468,1.825392E-07
27.6348173,1.341105E-07
27.6477089,1.573935E-07
27.6600812,1.1269E-07
27.6806049,1.1269E-07
27.6932681,1.573935E-07
27.7068601,1.341105E-07
27.7193967,1.573935E-07
27.7316145,1.573935E-07
27.7435442,1.825392E-07
27.7671639,1.825392E-07
27.789146,1.573935E-07
27.8114194,1.825392E-07
27.8352278,1.573935E-07
27.8474939,1.573935E-07
27.8594046,1.573935E-07
27.8712395,1.573935E-07
27.8834552,1.573935E-07
27.8980303,1.573935E-07
27.9101056,1.573935E-07
27.9300447,1.573935E-07
27.9426155,1.573935E-07
27.9572396,1.573935E-07
27.9789643,1.1269E-07
28.0011513,1.573935E-07
28.0236127,1.341105E-07
28.0374596,2.095476E-07
28.050402,1.341105E-07
28.0725668,1.573935E-07
28.0850092,1.573935E-07
28.0985748,1.341105E-07
28.1118906,1.341105E-07
28.123942,1.341105E-07
28.1367205,1.825392E-07
28.1576321,1.825392E-07
28.1800127,1.825392E-07
28.2001425,2.691522E-07
28.2124637,2.691522E-07
28.2259989,2.691522E-07
28.2397076,2.691522E-07
28.2581523,2.691522E-07
28.2806936,2.095476E-07
28.2928134,2.095476E-07
28.3137219,3.72529E-07
28.3261491,4.926696E-07
28.338325,4.507601E-07
28.3502815,4.507601E-07
28.3623315,1.825392E-07
28.3756957,1.825392E-07
28.38755,3.362074E-07
28.4001144,3.362074E-07
28.4190693,1.825392E-07
28.4318242,1.825392E-07
28.4491274,1.825392E-07
28.4704319,4.107133E-07
28.4933844,4.107133E-07
28.5058011,2.057292E-06
28.5177259,7.301569E-07
28.5296154,7.832423E-07
28.550996,7.832423E-07
28.5629388,4.107133E-07
28.5749066,4.107133E-07
28.5876248,2.691522E-07
28.599472,1.573935E-07
28.6119952,1.573935E-07
28.6242536,1.825392E-07
28.636525,1.825392E-07
28.6614564,1.825392E-07
28.6826321,1.573935E-07
28.7052215,1.573935E-07
28.727509,1.825392E-07
28.7404154,1.825392E-07
28.7531876,1.341105E-07
28.7652101,1.341105E-07
28.7778602,1.573935E-07
28.7976667,1.825392E-07
28.8094617,1.341105E-07
28.8215357,1.341105E-07
28.8335271,1.341105E-07
28.8454293,1.341105E-07
28.8595086,1.341105E-07
28.872042,1.825392E-07
28.8841908,1.825392E-07
28.905894,1.573935E-07
28.9282439,1.825392E-07
28.9509027,1.341105E-07
28.963288,2.095476E-07
28.9759431,2.095476E-07
28.9880206,1.341105E-07
29.0018216,1.341105E-07
29.0141195,1.341105E-07
29.0343382,1.341105E-07
29.0475215,1.341105E-07
29.063848,1.825392E-07
29.0854225,1.573935E-07
29.107241,1.573935E-07
29.1294591,1.573935E-07
29.1417869,1.341105E-07
29.1539582,1.573935E-07
29.1743299,1.341105E-07
29.1871937,2.095476E-07
29.1999243,2.095476E-07
29.2128456,2.095476E-07
29.2252813,1.825392E-07
29.2376148,1.573935E-07
29.2494983,1.573935E-07
29.2632433,1.825392E-07
29.2835273,1.825392E-07
29.2968453,1.573935E-07
29.3095677,1.825392E-07
29.3305382,1.825392E-07
29.3530221,1.825392E-07
29.3750582,1.825392E-07
29.3874904,1.573935E-07
29.3998958,1.573935E-07
29.4200887,1.341105E-07
29.4334053,1.341105E-07
29.4457448,1.341105E-07
29.4578604,1.573935E-07
29.4712802,1.341105E-07
29.4836832,1.341105E-07
29.4959084,1.573935E-07
29.5089323,1.1269E-07
29.5283044,1.1269E-07
29.5429232,1.573935E-07
29.5650538,1.573935E-07
29.5879439,1.573935E-07
29.6099232,1.573935E-07
29.6227063,2.691522E-07
29.6351272,2.691522E-07
29.6568618,2.691522E-07
29.669458,2.384186E-07
29.6829939,2.384186E-07
29.695296,2.384186E-07
29.7077991,1.341105E-07
29.7202369,1.341105E-07
29.7332651,1.573935E-07
29.7549073,1.573935E-07
29.7771165,9.536743E-07
29.7996308,1.189206E-05
29.8117597,2.266467E-05
29.8240163,2.266467E-05
29.8366978,9.716395E-05
29.8495543,9.716395E-05
29.861581,3.934838E-06
29.874791,3.934838E-06
29.8955147,8.95001E-07
29.9094903,2.295617E-05
29.9221662,0.0004668385
29.9451099,0.0004668385
29.9674771,0.000860096
29.9895848,0.0008817101
30.0022984,0.0008817101
30.0143342,5.012751E-05
30.034201,5.012751E-05
30.0475243,0.0001220442
