0.0269731,8.583069E-06
0.0543817,8.583069E-06
0.0777573,3.72529E-07
0.1002973,1.825392E-07
0.123533,1.825392E-07
0.1452359,2.095476E-07
0.1604033,1.341105E-07
0.1766403,1.341105E-07
0.1952038,1.341105E-07
0.2130148,1.573935E-07
0.2282419,1.573935E-07
0.2621538,1.573935E-07
0.2767514,2.095476E-07
0.2904812,3.72529E-07
0.3125078,9.536743E-07
0.3348835,4.434027E-06
0.3572817,8.944422E-06
0.3759327,8.944422E-06
0.3954884,5.812384E-06
0.4119109,1.970679E-06
0.4274073,2.236106E-06
0.4533084,1.825392E-07
0.4688592,2.384186E-07
0.4911887,2.691522E-07
0.5133732,1.573935E-07
0.5360888,1.341105E-07
0.5549845,1.573935E-07
0.5758685,1.825392E-07
0.5964131,1.1269E-07
0.620556,1.573935E-07
0.6427258,1.1269E-07
0.6754539,1.341105E-07
0.6918076,1.1269E-07
0.7156498,1.341105E-07
0.7368741,1.341105E-07
0.7594557,1.573935E-07
0.7783285,1.825392E-07
0.7990602,1.341105E-07
0.8206446,1.825392E-07
0.8434547,1.825392E-07
0.8635172,1.341105E-07
0.8900548,2.691522E-07
0.9100753,2.691522E-07
0.9296403,2.095476E-07
0.952017,1.825392E-07
0.9717462,1.1269E-07
0.9853618,1.573935E-07
1.0048552,1.573935E-07
1.0276491,1.573935E-07
1.0501577,1.341105E-07
1.0778811,1.341105E-07
1.091783,1.573935E-07
1.1096649,1.573935E-07
1.1293297,1.825392E-07
1.1435666,1.573935E-07
1.1616601,1.573935E-07
1.1838703,1.825392E-07
1.2065489,1.341105E-07
1.2251008,1.573935E-07
1.2432602,1.573935E-07
1.2742358,1.573935E-07
1.2889935,1.825392E-07
1.3073183,2.095476E-07
1.3224777,2.095476E-07
1.3445342,1.341105E-07
1.3627695,1.573935E-07
1.3851451,1.573935E-07
1.4015274,2.384186E-07
1.4181677,1.825392E-07
1.4320749,1.573935E-07
1.4610646,1.573935E-07
1.4773361,2.095476E-07
1.4910892,1.573935E-07
1.5081294,1.573935E-07
1.5304201,1.341105E-07
1.5529752,1.341105E-07
1.5745808,1.573935E-07
1.5913308,1.825392E-07
1.6066926,1.573935E-07
1.6218932,1.573935E-07
1.6541749,1.573935E-07
1.668355,1.341105E-07
1.688805,1.573935E-07
1.7094836,1.573935E-07
1.7315383,1.573935E-07
1.7510098,1.341105E-07
1.7660204,1.341105E-07
1.7860956,1.573935E-07
1.804529,1.573935E-07
1.8205335,1.1269E-07
1.8496206,1.341105E-07
1.8660585,1.341105E-07
1.8855222,1.341105E-07
1.9101307,1.341105E-07
1.9292986,1.341105E-07
1.9434963,1.573935E-07
1.9661661,1.573935E-07
1.988254,1.341105E-07
2.0108229,1.341105E-07
2.0335247,1.573935E-07
2.0639277,1.573935E-07
2.0849849,1.341105E-07
2.1005057,1.825392E-07
2.1172705,1.825392E-07
2.1355766,1.1269E-07
2.1559473,1.573935E-07
2.1782912,1.573935E-07
2.195397,9.313226E-08
2.2119855,9.313226E-08
2.2379812,1.825392E-07
2.2631972,1.573935E-07
2.2872001,1.573935E-07
2.3072947,1.341105E-07
2.3217192,1.825392E-07
2.3360788,1.341105E-07
2.3567722,1.341105E-07
2.379236,1.341105E-07
2.4019949,1.1269E-07
2.4213053,1.825392E-07
2.4501673,1.825392E-07
2.4649314,1.341105E-07
2.4833391,1.341105E-07
2.5079038,1.341105E-07
2.5288478,1.341105E-07
2.5462858,1.341105E-07
2.5690701,1.341105E-07
2.5873702,1.341105E-07
2.6049869,1.341105E-07
2.6221474,1.825392E-07
2.6503049,1.341105E-07
2.6645383,1.573935E-07
2.6858349,1.341105E-07
2.7079504,1.573935E-07
2.7282015,1.573935E-07
2.7435368,1.341105E-07
2.7567226,1.341105E-07
2.7736679,1.341105E-07
2.7885399,1.573935E-07
2.8038682,1.1269E-07
2.8344587,1.573935E-07
2.8531732,1.1269E-07
2.8705956,1.341105E-07
2.8931737,1.573935E-07
2.915201,1.341105E-07
2.9344686,1.573935E-07
2.9532406,1.573935E-07
2.9726511,9.313226E-08
2.9887046,1.341105E-07
3.0048813,1.1269E-07
3.0282221,1.341105E-07
3.0493213,1.341105E-07
3.0666531,1.341105E-07
3.0864053,1.341105E-07
3.1081543,1.341105E-07
3.127471,1.341105E-07
3.1428677,1.341105E-07
3.1612433,1.341105E-07
3.1835082,1.573935E-07
3.2056723,1.341105E-07
3.2316528,1.1269E-07
3.2463667,1.573935E-07
3.2639941,1.341105E-07
3.2878109,9.313226E-08
3.3068349,1.1269E-07
3.3213518,1.341105E-07
3.3398494,1.341105E-07
3.3621573,1.573935E-07
3.3852597,1.1269E-07
3.4102095,1.1269E-07
3.424598,1.341105E-07
3.4402598,1.341105E-07
3.46,1.573935E-07
3.4776506,1.341105E-07
3.4964032,4.926696E-07
3.5195264,1.722015E-06
3.5406978,1.885928E-06
3.5555233,2.715737E-06
3.5722066,2.715737E-06
3.5971317,7.049181E-06
3.6179488,6.571412E-06
3.6386509,2.817251E-06
3.6534823,3.580004E-06
3.6747346,3.580004E-06
3.6975602,6.262213E-06
3.7192881,7.377006E-06
3.7413904,6.415881E-06
3.7562321,5.238689E-06
3.7729599,2.616085E-06
3.7987365,1.970679E-06
3.8183752,2.145767E-06
3.8396048,4.056841E-06
3.8598807,2.518296E-06
3.8757886,1.416542E-06
3.8983483,1.416542E-06
3.9214035,2.691522E-07
3.9365099,1.341105E-07
3.9547416,1.573935E-07
3.9733507,1.573935E-07
4.0062914,1.573935E-07
4.022759,1.573935E-07
4.0383725,1.573935E-07
4.0519881,1.1269E-07
4.070486,1.341105E-07
4.088955,1.341105E-07
4.1104379,1.573935E-07
4.133158,1.341105E-07
4.1554551,1.341105E-07
4.1738839,1.1269E-07
4.2041483,1.573935E-07
4.21832,1.341105E-07
4.2401434,1.825392E-07
4.2593508,1.14087E-06
4.2784203,2.65995E-05
4.3008856,6.589666E-05
4.3225592,3.433228E-05
4.341622,0.001511607
4.3562196,0.001511607
4.3733155,0.0006186077
4.4066022,4.631374E-05
4.4229012,0.0002048546
4.4456595,5.590264E-05
4.4692802,8.04998E-05
4.4904249,8.550379E-05
4.5049323,0.0001366148
4.5266418,0.0001366148
4.5482135,4.841387E-05
4.5623986,3.875792E-05
4.5867679,4.58993E-05
4.6028476,0.0001505055
4.6182214,2.950802E-05
4.6387606,5.056057E-05
4.6584504,0.0001045177
4.6799903,0.0001045177
4.6948207,2.819672E-05
4.7113976,9.500422E-06
4.7266303,0.0004255921
4.7414599,0.0004255921
4.7581881,0.0001254389
4.7860656,7.564668E-05
4.8011749,7.564668E-05
4.8174305,0.0001573199
4.8383086,0.0004106164
4.8581997,0.0002154717
4.882397,1.598243E-05
4.8960997,1.985207E-05
4.9135415,1.985207E-05
4.9263176,0.0001706034
4.9521154,0.0001527602
4.9764639,0.0002566958
4.996446,0.0004668385
5.018248,0.0001409287
5.0389476,0.000113436
5.0530548,1.773611E-05
5.0709409,2.012495E-05
5.0926889,2.984051E-05
5.1156876,8.583069E-06
5.1303706,1.877919E-05
5.1600338,2.151728E-05
5.1803202,1.386181E-05
5.1932655,1.455192E-05
5.209946,1.455192E-05
5.2267144,3.465451E-06
5.2493742,3.696419E-06
5.2720976,3.352761E-06
5.2857333,1.189206E-05
5.3051903,2.920628E-06
5.3191744,2.920628E-06
5.3434767,2.715737E-06
5.3584767,3.72529E-07
5.3742052,3.017485E-07
5.3962621,2.384186E-07
5.4171701,2.095476E-07
5.438831,4.507601E-07
5.4614958,3.814697E-06
5.4821504,6.110407E-06
5.4956443,2.920628E-06
5.5173095,2.920628E-06
5.5428171,2.691522E-07
5.5622988,7.832423E-07
5.5823077,7.301569E-07
5.6002725,7.832423E-07
5.6167552,5.820766E-07
5.6370412,5.820766E-07
5.6515366,3.72529E-07
5.6737659,2.384186E-07
5.6963101,2.384186E-07
5.718379,1.573935E-07
5.7461049,1.341105E-07
5.7607057,1.341105E-07
5.7754673,3.017485E-07
5.7924321,3.362074E-07
5.8086398,3.362074E-07
5.8302718,7.832423E-07
5.8526993,3.362074E-07
5.8689951,4.107133E-07
5.8832592,3.362074E-07
5.9041965,2.095476E-07
5.929208,1.573935E-07
5.949268,1.825392E-07
5.9724536,1.573935E-07
5.989809,2.095476E-07
6.0089099,2.095476E-07
6.0313755,2.42237E-06
6.0540153,5.364418E-07
6.0742876,1.01421E-06
6.0893249,7.832423E-07
6.1172543,2.328306E-06
6.1325956,6.789342E-07
6.1488255,6.789342E-07
6.1693711,9.536743E-07
6.1874364,4.507601E-07
6.2098836,1.825392E-07
6.22733,2.384186E-07
6.2503647,2.095476E-07
6.2663034,1.573935E-07
6.2852763,1.573935E-07
6.3151129,7.301569E-07
6.3304814,4.107133E-07
6.3496366,1.076609E-06
6.3699241,8.95001E-07
6.3887714,5.364418E-07
6.4110544,3.72529E-07
6.429486,2.095476E-07
6.4453657,2.095476E-07
6.460627,4.926696E-07
6.480631,1.206994E-06
6.514924,6.110407E-06
6.5331956,1.970679E-06
6.5487749,1.970679E-06
6.5676138,4.107133E-07
6.5912666,1.825392E-07
6.6123718,1.825392E-07
6.6316659,4.107133E-07
6.6499012,2.384186E-07
6.6644152,1.1269E-07
6.6812545,1.1269E-07
6.7053146,1.573935E-07
6.7268602,1.825392E-07
6.7484784,1.573935E-07
6.7722688,1.1269E-07
6.7939632,1.1269E-07
6.8140683,1.1269E-07
6.8297474,1.825392E-07
6.8441702,1.341105E-07
6.8586359,1.341105E-07
6.880812,1.341105E-07
6.9062575,1.341105E-07
6.9252953,1.341105E-07
6.9412703,1.1269E-07
6.9557293,2.095476E-07
6.9708527,1.573935E-07
6.9903129,1.1269E-07
7.0093151,1.341105E-07
7.0357928,1.341105E-07
7.059057,3.017485E-07
7.0819334,3.017485E-07
7.1155885,3.352761E-06
7.1303449,4.06811E-05
7.1520304,0.003979065
7.1701232,0.006555029
7.1866574,0.002042727
7.2014261,0.0008281777
7.2166031,0.0004421184
7.2383475,0.0004421184
7.261939,6.392971E-05
7.2835992,0.0001627244
7.3142279,1.525879E-05
7.3311976,2.474431E-05
7.347834,2.597366E-05
7.3726054,3.913883E-05
7.3930794,2.755225E-05
7.4151091,2.755225E-05
7.4350887,2.950802E-05
7.4507329,2.151728E-05
7.4730384,9.313226E-06
7.4950625,5.960464E-06
7.5210973,4.306436E-06
7.5369982,1.803041E-06
7.5540592,1.803041E-06
7.5727119,3.72529E-05
7.5927483,2.819672E-05
7.6127121,0.000226357
7.6346815,0.0001996467
7.6507009,0.0003731707
7.6748954,0.000241288
7.702556,0.0001227194
7.716702,4.548673E-05
7.7298468,4.548673E-05
7.7493959,0.0009035924
7.7704013,0.007002208
7.793149,0.001363549
7.8147542,0.0002319003
7.8373534,0.0001778537
7.8589702,0.003800169
7.8782171,0.003800169
7.9093348,0.001909792
7.9245774,0.000774622
7.9425333,0.000774622
7.9573443,0.001108536
7.9756638,0.0008618869
7.9921973,0.001390729
8.0129062,0.001088307
8.0297147,0.0005739043
8.0455021,0.0005739043
8.0587171,0.0002786601
8.0855544,0.0003934838
8.104564,9.007845E-05
8.1241737,0.0002136836
8.1471136,0.000113436
8.1684952,6.247405E-05
8.1824052,0.0002154717
8.2042301,0.0002154717
8.2206793,4.107133E-05
8.2433988,3.800169E-05
8.2658083,0.00029941
8.2955617,0.0007712282
8.3143033,3.433228E-05
8.3281234,1.958106E-05
8.350235,0.000129574
8.3687125,0.000129574
8.3838619,9.656325E-05
8.400039,2.616085E-06
8.4221004,2.012495E-05
8.4440604,0.000106398
8.4601672,6.839726E-05
8.4915236,5.231146E-05
8.5066312,4.185736E-05
8.5262187,4.185736E-05
8.5442222,0.0001233965
8.5585579,0.0004681582
8.5750166,0.001135111
8.5897638,0.0005901009
8.6118217,0.0001380453
8.6345835,7.564668E-05
8.6563273,0.0001089312
8.6819964,0.0001180321
8.7041897,4.306436E-06
8.7248005,2.039969E-05
8.7507105,3.025867E-06
8.768373,1.1269E-05
8.7829523,8.95001E-05
8.8014492,0.0001070285
8.8239694,2.884865E-05
8.8468726,2.884865E-05
8.8613796,5.231146E-05
8.8917879,5.544722E-05
8.9116617,3.800169E-05
8.9273186,2.628565E-05
8.9485419,2.628565E-05
8.969536,2.384186E-07
8.9836989,1.341105E-07
9.0030015,1.341105E-07
9.0252848,1.573935E-07
9.0473293,2.095476E-07
9.0750891,1.573935E-07
9.0895058,7.543713E-08
9.1045873,4.107133E-07
9.1234872,4.107133E-07
9.13918,6.295741E-07
9.1591389,6.295741E-07
9.1813206,3.017485E-07
9.2040129,1.573935E-07
9.2195809,1.825392E-07
9.2342776,1.573935E-07
9.2591699,1.825392E-07
9.280706,1.573935E-07
9.301472,1.573935E-07
9.3162699,1.1269E-07
9.3380549,1.1269E-07
9.3602761,1.1269E-07
9.3824592,1.573935E-07
9.3978238,1.341105E-07
9.4163969,1.1269E-07
9.4355327,1.573935E-07
9.461286,1.573935E-07
9.4801299,1.573935E-07
9.4993563,1.825392E-07
9.5162879,3.362074E-07
9.5397179,3.017485E-07
9.5611725,4.107133E-07
9.5802607,7.832423E-07
9.5992238,5.820766E-07
9.6149674,5.364418E-07
9.6352908,1.642853E-06
9.6600121,1.642853E-06
9.6829484,6.295741E-07
9.7015349,4.507601E-07
9.7182845,3.362074E-07
9.7400466,2.095476E-07
9.7623084,1.825392E-07
9.7832665,1.573935E-07
9.801207,1.573935E-07
9.8180867,1.341105E-07
9.8349154,1.341105E-07
9.8599332,1.341105E-07
9.8777661,1.825392E-07
9.8959996,1.341105E-07
9.9183593,1.573935E-07
9.9410615,1.341105E-07
9.9633314,1.341105E-07
9.9818706,1.341105E-07
9.99789,1.1269E-07
10.0173678,1.825392E-07
10.0339056,1.825392E-07
10.0581575,1.825392E-07
10.0787383,1.573935E-07
10.0971823,1.573935E-07
10.1195276,1.573935E-07
10.1349768,1.573935E-07
10.1500008,1.573935E-07
10.1660382,1.1269E-07
10.1836009,1.1269E-07
10.1969309,1.825392E-07
10.2200996,1.573935E-07
10.2475547,1.341105E-07
10.2652906,1.573935E-07
10.2874466,1.573935E-07
10.3036109,1.341105E-07
10.3242619,1.573935E-07
10.3403935,1.573935E-07
10.357183,1.341105E-07
10.3743293,1.573935E-07
10.3915349,1.573935E-07
10.41212,1.573935E-07
10.4376202,1.573935E-07
10.4558272,1.341105E-07
10.4717418,1.573935E-07
10.4891604,2.095476E-07
10.5079792,1.341105E-07
10.5235282,1.341105E-07
10.5391957,1.341105E-07
10.5526956,1.341105E-07
10.5682175,1.341105E-07
10.5909045,1.1269E-07
10.6254574,1.1269E-07
10.64443,1.1269E-07
10.6676791,1.341105E-07
10.6893311,1.573935E-07
10.7119392,1.341105E-07
10.7273496,1.573935E-07
10.7495077,1.341105E-07
10.7678568,1.825392E-07
10.7896767,1.825392E-07
10.8100323,1.573935E-07
10.8380406,1.573935E-07
10.8566271,1.341105E-07
10.8806614,2.095476E-07
10.901475,1.341105E-07
10.9165843,1.341105E-07
10.9350106,1.341105E-07
10.95743,1.341105E-07
10.9796202,1.341105E-07
10.9957217,1.573935E-07
11.024594,1.573935E-07
11.0422245,1.573935E-07
11.0583648,1.341105E-07
11.0776981,1.341105E-07
11.0909512,1.573935E-07
11.1137387,2.095476E-07
11.1364631,1.573935E-07
11.1585468,1.341105E-07
11.1787299,1.341105E-07
11.191599,1.341105E-07
11.220478,1.573935E-07
11.2349416,9.313226E-08
11.2580162,9.313226E-08
11.2796989,1.1269E-07
11.2995012,1.573935E-07
11.3149913,1.825392E-07
11.3371437,1.825392E-07
11.3593759,1.1269E-07
11.3746192,1.341105E-07
11.3895803,1.341105E-07
11.4228966,1.573935E-07
11.4429112,1.341105E-07
11.458999,1.573935E-07
11.4766252,1.341105E-07
11.4934726,1.825392E-07
11.5156345,1.341105E-07
11.5384555,1.341105E-07
11.5532263,1.825392E-07
11.5683028,1.825392E-07
11.5900311,1.341105E-07
11.6210635,1.1269E-07
11.6391583,1.341105E-07
11.6549256,1.341105E-07
11.6726252,1.341105E-07
11.6947364,9.313226E-08
11.7172076,1.573935E-07
11.7317376,1.1269E-07
11.7519506,1.1269E-07
11.7669129,1.573935E-07
11.7851403,1.573935E-07
11.8121321,1.341105E-07
11.8313554,1.825392E-07
11.8485765,1.573935E-07
11.8666689,2.095476E-07
11.8848939,2.095476E-07
11.9070827,4.926696E-07
11.9297037,2.518296E-06
11.9470793,9.536743E-07
11.9667451,2.145767E-06
11.9873019,5.521812E-06
12.013263,6.571412E-06
12.031737,4.306436E-06
12.0465162,1.970679E-06
12.0634143,1.274981E-06
12.0857156,1.274981E-06
12.1083994,1.803041E-06
12.1216419,1.076609E-06
12.1367685,1.076609E-06
12.1536116,4.926696E-07
12.1696437,1.885928E-06
12.197066,5.820766E-07
12.2179169,8.95001E-07
12.2325625,7.301569E-07
12.2490332,7.301569E-07
12.264541,1.565553E-06
12.2868683,1.206994E-06
12.3094845,1.01421E-06
12.3318111,8.95001E-07
12.3493891,7.832423E-07
12.3657216,4.926696E-07
12.3916386,4.926696E-07
12.4118675,5.960464E-06
12.431119,3.934838E-06
12.4542767,6.571412E-06
12.4704996,1.799408E-05
12.491304,3.580004E-06
12.5104906,1.206994E-06
12.5329219,1.206994E-06
12.5496268,2.057292E-06
12.580632,2.328306E-06
12.5986046,4.963018E-06
12.613759,6.571412E-06
12.6345331,6.571412E-06
12.6542962,2.518296E-06
12.6759648,6.571412E-06
12.6888971,3.814697E-06
12.7115002,4.694797E-06
12.7339012,1.14087E-06
12.7559849,2.42237E-06
12.7815493,4.434027E-06
12.7972852,4.056841E-06
12.8128715,1.958106E-05
12.8324016,1.007318E-05
12.8508604,1.007318E-05
12.867153,4.694797E-06
12.8894359,1.970679E-06
12.9120362,9.536743E-07
12.9316139,7.301569E-07
12.9473709,1.206994E-06
12.9808293,7.049181E-06
12.9943984,8.229166E-06
13.0129516,8.95001E-07
13.0364095,2.328306E-06
13.0569515,4.963018E-06
13.0769678,1.722574E-05
13.0913927,4.827976E-06
13.1100736,5.960464E-06
13.1257848,4.963018E-06
13.1481926,1.565553E-06
13.178513,1.565553E-06
13.1944926,4.963018E-06
13.2135297,4.963018E-06
13.2359138,3.397558E-05
13.2578659,0.001034621
13.276427,0.001891167
13.2938371,0.001891167
13.3124736,0.0009035924
13.3259281,0.0009220326
13.3449253,0.0009220326
13.3758032,0.0006587068
13.3894999,0.0005155206
13.4091372,5.275384E-05
13.4254316,2.950802E-05
13.4478411,2.950802E-05
13.4705666,2.819672E-05
13.4874964,2.819672E-05
13.5016039,9.776652E-05
13.5205574,0.0003230954
13.5425131,0.0007460127
13.5735582,0.000113436
13.5941821,0.0006415881
13.6181198,0.0002527991
13.6393096,0.0002181679
13.6614427,8.606911E-05
13.6761704,6.262213E-06
13.6898777,1.01421E-06
13.7108817,5.364418E-07
13.7258277,6.295741E-07
13.7454103,6.295741E-07
13.7755689,4.756823E-05
13.7909553,6.415881E-06
13.8087258,6.415881E-06
13.8283927,0.0001351917
13.8509259,3.397558E-05
13.8660331,7.145945E-05
13.8801674,1.799408E-05
13.8986442,5.812384E-06
13.9195801,1.14087E-06
13.9437597,9.313226E-08
13.9766233,9.313226E-08
13.9960144,1.573935E-07
14.0183604,1.825392E-07
14.0409226,1.1269E-07
14.0632359,7.212162E-06
14.077197,5.09955E-05
14.0980945,0.0001877556
14.1144849,7.377006E-06
14.1294291,7.377006E-06
14.158124,3.326777E-05
14.1735775,6.571412E-06
14.1895806,6.571412E-06
14.2103078,2.266467E-05
14.2319281,2.324954E-05
14.2537114,1.147483E-05
14.2703479,1.672283E-05
14.2851532,5.820766E-05
14.3000315,5.820766E-05
14.3189424,7.353816E-05
14.3482237,0.0002384521
14.3644328,0.0001690127
14.3804486,0.0001690127
14.3997985,0.001137168
14.4207379,0.001048409
14.4428812,8.550379E-05
14.4587747,7.511675E-05
14.4754175,0.000241288
14.4901703,0.000241288
14.5073265,6.941054E-05
14.5349117,2.628565E-05
14.550192,7.458869E-05
14.5645503,2.414081E-05
14.5823532,6.055925E-05
14.6012154,6.055925E-05
14.621665,1.455192E-05
14.6442431,7.049181E-06
14.6603415,2.852175E-05
14.6785432,1.877919E-05
14.7015172,4.029274E-05
14.7321914,3.469083E-05
14.7478737,8.720532E-05
14.7671195,8.720532E-05
14.7891718,0.0001936555
14.8117068,0.0001373291
14.8323004,9.837095E-05
14.8547363,3.469083E-05
14.8743471,2.920628E-06
14.8914099,1.076609E-06
14.9082576,7.049181E-06
14.9384846,5.454198E-05
14.9531087,0.0002695657
14.9729451,0.0006555775
14.9902583,0.0003431449
15.0124495,0.0007294351
15.0355985,0.0002827505
15.0550865,0.0005637147
15.0760024,8.437876E-05
15.0906187,8.437876E-05
15.1085602,0.0004642047
15.1327977,0.0001722015
15.1497219,2.324954E-05
15.169424,4.056841E-06
15.191045,6.295741E-07
15.213962,1.206994E-06
15.2354208,3.696419E-06
15.2539815,0.000196212
15.2750267,9.124074E-05
15.2902355,0.0001527602
15.3047386,9.536743E-05
15.3323118,9.536743E-05
15.3504716,6.689131E-05
15.3700623,1.958106E-05
15.3924404,5.099922E-06
15.4147861,5.099922E-06
15.4319811,2.057292E-06
15.4525299,6.789342E-07
15.4692859,9.536743E-07
15.4864594,7.832423E-07
15.5043106,1.14087E-06
15.5316888,8.381903E-07
15.5484656,3.362074E-07
15.562498,1.573935E-07
15.5774303,1.573935E-07
15.5932014,1.825392E-07
15.6089137,1.573935E-07
15.6285393,1.341105E-07
15.6548346,1.573935E-07
15.6765784,1.573935E-07
15.7000817,1.573935E-07
15.7287643,1.825392E-07
15.7460795,1.341105E-07
15.7625513,1.825392E-07
15.7833638,2.095476E-07
15.805748,1.573935E-07
15.8304135,1.573935E-07
15.8473035,1.573935E-07
15.8642242,1.573935E-07
15.8791339,1.573935E-07
15.8956758,0.0002181679
15.9221464,0.0002518296
15.9435856,0.0006035203
15.9623769,0.0005099922
15.9777323,0.001287997
15.9953476,0.006634333
16.0180857,0.007464142
16.0406585,0.001912461
16.0572262,0.0005224729
16.0774283,0.0002776422
16.0966089,0.0002776422
16.123686,0.000140205
16.1405256,9.182468E-05
16.1560203,5.454198E-05
16.1746163,5.454198E-05
16.1964038,1.573935E-05
16.2190541,7.564668E-05
16.2337713,0.0005113715
16.2532911,0.0003488213
16.2754732,7.458869E-05
16.295414,3.762636E-05
16.3276799,9.182468E-05
16.3428657,3.913883E-05
16.3621429,3.913883E-05
16.3768191,3.95216E-05
16.3979504,0.0002092458
16.4196808,5.867425E-05
16.4422377,0.0002431879
16.4560913,0.0005031237
16.4763414,0.0005031237
16.5079291,0.002137595
16.5224707,0.0003363946
16.5404648,0.0003363946
16.5542796,0.0003661299
16.5759743,0.0002910206
16.5987975,0.0004056841
16.6210247,0.0003545443
16.6358074,0.0003779018
16.6522454,0.0001778537
16.6660665,0.000337515
16.6959452,0.000337515
16.7188907,0.0003556944
16.7329509,0.0002199747
16.7557102,0.0002199747
16.7771155,0.0001987852
16.800032,0.00020051
16.8150888,0.0001431108
16.8289692,0.0001431108
16.8460062,8.550379E-05
16.8620806,8.550379E-05
16.8862606,7.940829E-05
16.9036147,9.716395E-05
16.9184313,0.0001423815
16.9335818,0.0001431108
16.9558266,0.0001535155
16.9784209,0.0001778537
16.9932629,0.0003047138
17.0086377,0.0003047138
17.0274657,0.0001268098
17.0525837,0.0001008073
17.085493,0.0001045177
17.100322,0.0001180321
17.1203965,7.511675E-05
17.1442464,4.548673E-05
17.1613699,4.548673E-05
17.1790829,5.319808E-05
17.2019398,5.774293E-05
17.2244195,1.525879E-05
17.243934,3.814697E-06
17.2602105,1.490116E-06
17.2861589,3.352761E-06
17.3024297,5.820766E-07
17.320509,8.95001E-07
17.3414975,2.384186E-07
17.3642233,1.341105E-07
17.385539,1.825392E-07
17.4079214,1.825392E-07
17.427969,2.095476E-07
17.4432881,1.341105E-07
17.4583431,1.825392E-07
17.4829113,1.825392E-07
17.4968605,1.341105E-07
17.5187238,1.573935E-07
17.5390307,1.1269E-07
17.5630428,1.341105E-07
17.5852728,1.573935E-07
17.6015091,1.573935E-07
17.627718,1.1269E-07
17.6478504,1.1269E-07
17.6611042,1.14087E-06
17.687689,3.577769E-05
17.7060804,0.0001233965
17.7271401,0.0003408873
17.7456116,0.003184007
17.7624403,0.003115498
17.7800898,0.04125977
17.7954671,0.04125977
17.817129,0.009680331
17.8383315,0.009094947
17.8602752,0.001359046
17.8867434,0.001652375
17.9010571,0.0004814574
17.9228228,7.724762E-05
17.9432791,0.003379793
17.9635042,0.0247682
17.9851351,0.0001674294
18.0048591,0.0001309672
18.0186365,4.107133E-07
18.03932,0.0003556944
18.0673276,0.004918132
18.0846725,0.009106592
18.0999927,0.002197266
18.1169898,0.002197266
18.1306922,0.004888215
18.1450518,0.002075964
18.1649567,0.002075964
18.1852226,0.0007814318
18.2058119,0.00111464
18.2202019,0.00111464
18.2403321,0.005103909
18.2648192,0.00127925
18.2848778,0.01514804
18.3008538,0.03029053
18.3194674,0.003142812
18.3389255,0.01760675
18.3554273,0.002713733
18.3745871,0.002713733
18.3899866,0.0003814697
18.4135615,4.756823E-05
18.4407955,4.827976E-06
18.4545426,2.384186E-07
18.4758191,3.72529E-07
18.4971444,1.825392E-07
18.5208949,1.573935E-07
18.539597,1.341105E-07
18.5545511,1.573935E-07
18.569665,1.573935E-07
18.587617,1.573935E-07
18.6077162,1.573935E-07
18.6417324,1.1269E-07
18.664813,1.573935E-07
18.6873805,1.1269E-07
18.7092737,2.095476E-07
18.7319019,1.1269E-07
18.7501089,1.573935E-07
18.7648567,1.573935E-07
18.7854877,1.573935E-07
18.8073386,1.825392E-07
18.8263411,1.573935E-07
18.8538752,1.573935E-07
18.8736257,1.341105E-07
18.892637,1.341105E-07
18.9118574,1.573935E-07
18.9334207,1.573935E-07
18.9486082,1.341105E-07
18.963336,1.341105E-07
18.9839524,5.364418E-07
19.0095464,2.095476E-07
19.0292609,2.145767E-06
19.0602841,1.622736E-05
19.0757996,9.536743E-07
19.0948226,2.012495E-05
19.1118586,0.0001089312
19.1338841,6.689131E-05
19.1562206,2.123509E-05
19.17249,1.622736E-05
19.1884847,9.880401E-06
19.205161,1.416542E-06
19.2189628,1.416542E-06
19.2487046,3.256742E-05
19.2712206,0.0001330711
19.2849117,8.663628E-05
19.3018976,2.237502E-05
19.3238945,5.364418E-07
19.345902,9.536743E-07
19.3687703,2.328306E-06
19.3848468,6.789342E-07
19.4037263,6.789342E-07
19.4185164,1.076609E-06
19.4470587,1.01421E-06
19.4635269,1.825392E-07
19.4794857,1.825392E-07
19.4956909,1.341105E-07
19.5162375,1.573935E-07
19.5375959,1.341105E-07
19.5517975,1.341105E-07
19.5668225,1.341105E-07
19.5834868,1.341105E-07
19.6041699,1.573935E-07
19.6287364,1.1269E-07
19.6514643,1.573935E-07
19.6762579,1.573935E-07
19.6936341,1.1269E-07
19.7147421,1.341105E-07
19.7383738,1.341105E-07
19.7591948,1.1269E-07
19.78177,1.825392E-07
19.7960669,1.573935E-07
19.8124438,1.825392E-07
19.8398823,1.1269E-07
19.8577237,9.313226E-08
19.8770157,1.573935E-07
19.8940792,1.573935E-07
19.9159443,1.573935E-07
19.9380061,1.573935E-07
19.9601575,1.341105E-07
19.9768811,1.341105E-07
19.9922227,1.341105E-07
20.0070125,3.362074E-07
20.038759,4.926696E-07
20.057392,5.820766E-07
20.0727343,6.789342E-07
20.0943695,1.274981E-06
20.1166848,6.262213E-06
20.1387477,1.253188E-05
20.1533563,2.787355E-05
20.1688665,9.477232E-05
20.1878408,0.0001786686
20.204533,0.0001786686
20.2314151,0.0001082951
20.2491256,6.055925E-05
20.2739442,5.544722E-05
20.2946033,5.635992E-05
20.3120378,7.40625E-05
20.3284337,0.0001520067
20.3507378,0.000203982
20.373836,0.0001045177
20.3958044,0.000119362
20.4122208,5.275384E-05
20.4383141,3.326777E-05
20.4549125,7.197633E-05
20.4706071,0.0001366148
20.4934905,0.0001167096
20.5137674,0.0001186961
20.5310136,0.0001186961
20.5520278,0.0001121396
20.5741016,0.0001020366
20.5962741,0.0001778537
20.6294159,0.0001979256
20.6477636,0.0002190704
20.6613256,0.0002172673
20.6774212,0.0002172673
20.6928034,0.0003165463
20.715635,0.0001453096
20.7312978,0.0001323679
20.7481625,0.0001730034
20.7652859,4.96963E-05
20.7864242,4.96963E-05
20.8184002,7.40625E-05
20.8359471,0.0005666167
20.8557286,4.883949E-05
20.8709207,4.883949E-05
20.8862843,0.0002715737
20.9005473,2.852175E-05
20.9207085,2.039969E-05
20.9470003,0.0002889419
20.9687712,9.007845E-05
20.9875428,8.95001E-05
21.019359,8.95001E-05
21.0363171,4.426017E-05
21.0559152,3.153086E-05
21.0762069,8.270517E-05
21.0937841,9.313226E-06
21.1148784,2.817251E-06
21.1353263,5.364418E-07
21.1579735,8.95001E-07
21.1746688,1.253188E-05
21.1951819,1.253188E-05
21.2223518,3.800169E-05
21.2396762,1.773611E-05
21.2556452,2.145767E-06
21.2731297,2.145767E-06
21.2923314,1.825392E-07
21.3162152,4.507601E-07
21.3377266,1.573935E-07
21.356745,1.573935E-07
21.3788633,1.573935E-07
21.4096929,2.691522E-07
21.4301835,1.825392E-07
21.448973,1.885928E-06
21.4725208,3.580004E-06
21.492823,3.580004E-06
21.5102614,1.274981E-06
21.5279701,4.180707E-06
21.5470781,1.14087E-06
21.5700669,2.095476E-07
21.5937572,1.341105E-07
21.6244101,3.465451E-06
21.6537034,2.65995E-05
21.6741958,7.724762E-05
21.6926147,5.143229E-05
21.7094419,1.296774E-05
21.7268429,1.825392E-07
21.7492838,1.825392E-07
21.7726108,2.384186E-07
21.7898111,4.507601E-07
21.8215928,4.507601E-07
21.8398993,9.500422E-06
21.8569345,3.61437E-05
21.8776719,2.628565E-05
21.8930175,3.291667E-05
21.9164785,3.291667E-05
21.9402576,1.958106E-05
21.9613553,8.583069E-06
21.9859994,1.189206E-05
22.0065975,2.691522E-07
22.0395019,7.301569E-07
22.0564166,1.1269E-07
22.0752319,9.313226E-08
22.0974087,1.341105E-07
22.1186048,1.341105E-07
22.1408789,2.095476E-07
22.1594731,2.616085E-06
22.1780423,1.598243E-05
22.1962585,7.353816E-05
22.2143255,7.353816E-05
22.2511729,0.0003755325
22.2724664,0.0001026541
22.2927923,1.647417E-05
22.319819,1.598243E-05
22.3399347,2.474431E-05
22.3618382,1.455192E-05
22.3838507,1.386181E-05
22.4088727,1.93119E-05
22.4264835,5.379319E-06
22.4585815,5.379319E-06
22.4733586,2.328306E-06
22.4909968,2.328306E-06
22.5134427,1.885928E-06
22.5304321,4.107133E-07
22.5516163,1.825392E-07
22.5661871,1.341105E-07
22.5830933,1.573935E-07
22.602867,1.573935E-07
22.6190652,1.825392E-07
22.648045,3.72529E-07
22.6687373,1.341105E-05
22.6840042,3.913883E-05
22.6977791,3.913883E-05
22.7195504,4.146341E-05
22.7413679,8.055009E-06
22.7635436,2.715737E-06
22.7824862,3.241934E-06
22.8026516,3.017485E-07
22.8164316,1.573935E-07
22.843802,1.573935E-07
22.8579346,2.518296E-06
22.8758877,1.189206E-05
22.8987782,0.0001746127
22.9201848,0.0001746127
22.9364997,0.0009632567
22.9506696,0.0004243338
22.9665462,7.511675E-05
22.9847003,3.362074E-05
23.0026083,7.886533E-05
23.0271949,7.886533E-05
23.0479993,0.000110209
23.0681715,0.001354549
23.0875435,0.001354549
23.1130088,0.0004044557
23.1370791,0.006041684
23.1613138,0.006041684
23.1819302,0.009211735
23.206935,0.001557031
23.2259643,0.01787502
23.2606766,0.01732443
23.2801139,0.02246156
23.3035386,0.00811033
23.3253406,0.03011021
23.3462088,0.007353816
23.3678595,0.004317061
23.3863274,0.002994061
23.4047961,0.002994061
23.42403,0.007171766
23.4388124,0.0002695657
23.4628037,0.0004369998
23.480803,0.0009072656
23.5011025,0.0009918809
23.5209407,0.001427386
23.5393374,0.002059312
23.5580018,0.002059312
23.5758072,0.0002136836
23.5897341,0.003440384
23.61237,0.001974344
23.6440403,0.02637849
23.658548,0.001896479
23.6738019,0.0004180707
23.6924239,0.0004369998
23.712162,0.000968948
23.7379958,0.000968948
23.7563287,0.0004293779
23.7705727,0.0004293779
23.7911479,0.001712456
23.813879,0.0007016808
23.8364253,0.0004681582
23.8612562,0.001050387
23.8805701,0.001050387
23.8980215,0.0001167096
23.9162422,0.001290188
23.9345917,0.009952449
23.9491439,0.001622736
23.9698114,0.01188292
23.9921152,0.00963834
24.0145973,0.0001869202
24.0306294,1.93119E-05
24.0654313,1.93119E-05
24.09174,0.0002776422
24.115438,0.0006587068
24.1344426,0.0009556944
24.1502169,0.001220987
24.1715721,0.001015082
24.193154,0.0002403408
24.2153961,4.507601E-05
24.2317303,3.696419E-06
24.257709,3.017485E-07
24.2745056,1.573935E-07
24.2910401,1.341105E-07
24.3098353,1.1269E-07
24.3283685,1.341105E-07
24.3507837,1.825392E-07
24.3717376,1.825392E-07
24.3942173,1.1269E-07
24.4139187,1.825392E-07
24.4296362,1.825392E-07
24.4569347,1.341105E-07
24.4723582,1.573935E-07
24.4911037,1.573935E-07
24.5133894,1.573935E-07
24.5392997,1.1269E-07
24.5571724,1.573935E-07
24.5734006,1.573935E-07
24.5953446,1.573935E-07
24.6183811,1.573935E-07
24.6399831,1.825392E-07
24.6660383,1.825392E-07
24.6821018,2.384186E-07
24.6959543,1.274981E-06
24.7139671,1.274981E-06
24.7362757,8.95001E-07
24.7583725,6.199256E-05
24.7788109,0.0002163686
24.7968398,0.0003591562
24.8196189,0.0003591562
24.8355413,3.469083E-05
24.8523498,4.107133E-07
24.882366,4.926696E-07
24.8978973,3.362074E-07
24.911734,2.095476E-07
24.9303783,2.095476E-07
24.9529764,1.825392E-07
24.9751536,1.573935E-07
24.9918232,1.573935E-07
25.0119492,1.573935E-07
25.0307888,1.573935E-07
25.0559758,1.341105E-07
25.0726723,1.573935E-07
25.0905002,1.825392E-07
25.1092563,1.341105E-07
25.1322652,1.341105E-07
25.157398,1.341105E-07
25.1823104,1.341105E-07
25.2042393,1.341105E-07
25.225135,1.341105E-07
25.2495403,1.341105E-07
25.282351,1.825392E-07
25.3009518,1.825392E-07
25.3237376,1.1269E-07
25.3467508,1.341105E-07
25.3701434,1.341105E-07
25.3889647,1.341105E-07
25.4094612,6.295741E-07
25.4252214,8.95001E-07
25.4462134,1.206994E-06
25.4690771,5.820766E-07
25.5057658,2.691522E-07
25.5241989,1.573935E-07
25.5465213,1.825392E-07
25.5677806,1.1269E-07
25.5896005,1.341105E-07
25.6044037,1.1269E-07
25.6242839,1.1269E-07
25.6466462,1.573935E-07
25.6657806,1.573935E-07
25.6825323,1.573935E-07
25.7107276,1.573935E-07
25.7240544,1.341105E-07
25.7461889,1.825392E-07
25.768714,1.341105E-07
25.7905816,1.341105E-07
25.8075661,1.573935E-07
25.8250157,1.1269E-07
25.8454611,1.1269E-07
25.8662429,1.573935E-07
25.8815282,1.565553E-06
25.9076394,3.696419E-06
25.9245153,1.573935E-05
25.9470867,1.642853E-06
25.9693742,1.642853E-06
25.9882367,1.573935E-07
26.0039761,3.72529E-07
26.0260655,3.72529E-07
26.0478329,1.825392E-07
26.0689356,2.236106E-06
26.0878439,1.416542E-06
26.1134478,2.691522E-05
26.133614,9.182468E-05
26.148859,8.104835E-05
26.1701063,2.884865E-05
26.192422,2.518296E-06
26.2153971,1.189206E-05
26.230896,5.099922E-06
26.2462236,1.210347E-05
26.2672082,3.577769E-05
26.285473,3.577769E-05
26.3127077,3.934838E-06
26.3325939,4.056841E-06
26.347767,4.563481E-06
26.3622599,5.364418E-07
26.3839237,4.107133E-07
26.4061368,5.364418E-07
26.4274383,5.666167E-06
26.4447846,5.666167E-06
26.4672107,1.253188E-05
26.4999981,4.563481E-06
26.5148923,8.055009E-06
26.5352538,0.0001173699
26.5600995,0.000300467
26.5823176,0.0004668385
26.6092148,0.0001089312
26.6315538,0.001120762
26.6477724,0.003118906
26.6753379,0.0005593756
26.6922677,3.469083E-05
26.7261701,3.362074E-07
26.7456215,4.107133E-07
26.7622826,4.107133E-07
26.7801846,0.0004814574
26.7999055,0.0006493414
26.8182302,0.0008853385
26.8405622,0.0001877556
26.8569518,0.001993374
26.8733996,0.008967341
26.8890477,0.003017485
26.9228432,0.00704825
26.9393785,0.007063631
26.9580711,0.01020983
26.980312,0.01020983
27.0004038,6.639306E-05
27.0217512,0.000608027
27.0396105,0.0001505055
27.0538552,0.0005493164
27.0752876,0.0005493164
27.0975853,0.0004069144
27.1262774,0.0009651519
27.1417908,0.002758429
27.1555605,0.006446765
27.1693189,0.002514058
27.1864504,0.0004708031
27.2018707,0.0004708031
27.2221642,3.241934E-06
27.2459937,3.241934E-06
27.2654458,0.001557031
27.280559,0.0002022423
27.3074421,0.007756982
27.3238557,0.001368061
27.3440067,0.006084457
27.3658841,0.009885583
27.3882637,0.001137168
27.404074,0.0004081465
27.4226297,0.0004081465
27.4474208,1.253188E-05
27.4662199,0.0004576528
27.4828154,0.0004459769
27.5083322,0.01300608
27.5251206,0.0023456
27.5443696,0.0023456
27.5668867,0.0003499622
27.5887193,0.008857861
27.6054439,0.008314982
27.623683,0.002710555
27.6480954,0.002112273
27.6669918,0.00029625
27.6806212,0.001034621
27.7070039,0.0004369998
27.7227518,0.0004369998
27.7450577,0.0004007816
27.7595872,0.001098398
27.7766987,0.0008229166
27.7930287,0.0008020401
27.8129618,0.0001794854
27.8271857,0.00020051
27.8459798,0.00020051
27.8691499,0.0002309717
27.9007116,9.958539E-05
27.9192264,3.017485E-07
27.9348519,1.970679E-06
27.9541743,1.970679E-06
27.9723006,1.565553E-06
27.9865755,9.536743E-07
28.0082357,1.825392E-07
28.0256406,3.017485E-07
28.047152,3.017485E-07
28.0693876,1.573935E-07
28.0987462,2.095476E-07
28.1157786,2.095476E-07
28.1312691,1.825392E-07
28.1550732,1.341105E-07
28.1705005,1.573935E-07
28.1866994,1.573935E-07
28.204478,1.573935E-07
28.2297246,2.095476E-07
28.2504948,1.341105E-07
28.2709047,1.1269E-07
28.3035259,1.825392E-07
28.3204487,1.573935E-07
28.3368077,1.1269E-07
28.3571646,1.1269E-07
28.3775543,1.573935E-07
28.3992724,1.825392E-07
28.417411,1.573935E-07
28.4329103,1.341105E-07
28.4485499,1.1269E-07
28.4664921,1.341105E-07
28.5010337,1.341105E-07
28.5205102,1.573935E-07
28.5370419,1.573935E-07
28.5551844,7.301569E-07
28.5759821,7.301569E-07
28.59409,2.691522E-07
28.6166215,7.301569E-07
28.6390325,1.565553E-06
28.6551746,7.832423E-07
28.6758471,7.832423E-07
28.7040681,4.926696E-07
28.7206234,3.362074E-07
28.7354235,7.301569E-07
28.7548703,7.832423E-07
28.7776758,6.295741E-07
28.7965549,1.206994E-06
28.8180215,1.01421E-06
28.833256,1.076609E-06
28.8510532,1.076609E-06
28.8668346,1.565553E-06
28.9001396,1.642853E-06
28.9188135,2.518296E-06
28.9357113,2.057292E-06
28.953382,2.057292E-06
28.9756127,2.616085E-06
28.9910446,2.616085E-06
29.0075644,6.571412E-06
29.0308628,6.571412E-06
29.0524846,7.882714E-06
29.0674006,8.405186E-06
29.09717,9.536743E-07
29.112311,2.691522E-07
29.133425,1.573935E-07
29.155283,1.573935E-07
29.1780589,1.573935E-07
29.1986566,9.313226E-08
29.2124845,1.341105E-07
29.2316926,1.341105E-07
29.2533535,1.573935E-07
29.2760878,1.341105E-07
29.3034854,1.573935E-07
29.3204054,3.017485E-07
29.3408106,1.773611E-05
29.3546737,1.598243E-05
29.3765864,6.739143E-05
29.3988016,9.358767E-05
29.421013,6.344263E-05
29.4423396,0.0001240755
29.4560095,0.0001987852
29.4749189,0.0002705688
29.4992858,0.0002705688
29.5149586,0.0007097879
29.5301204,0.0007097879
29.5481624,0.0002941526
29.5683289,0.0001366148
29.5891897,0.0001213709
29.6106027,0.0001240755
29.6249405,0.0003397614
29.6409782,0.0003397614
29.6565307,0.0004007816
29.6821734,0.001088307
29.6959484,0.001009257
29.7163582,0.001255349
29.7340518,0.0001274981
29.7559073,0.0003274987
29.7744849,0.0003036493
29.7892113,0.000916481
29.8054973,0.000916481
29.8203597,0.0001359023
29.8438877,7.995311E-05
29.8740569,1.478568E-05
29.8890833,7.832423E-05
29.9077431,0.0001351917
29.9233351,0.0001180321
29.9461928,0.0003176332
29.9681527,0.0003176332
29.9903514,0.000234697
30.0069356,0.0001247562
30.0069356,Stop recording
