0.0210844,4.926696E-07
0.0429191,1.825392E-07
0.0569374,1.341105E-07
0.0691682,1.341105E-07
0.0859391,1.573935E-07
0.1085964,1.341105E-07
0.1235862,1.573935E-07
0.1357268,1.341105E-07
0.1481727,1.341105E-07
0.1694084,1.825392E-07
0.1827486,1.573935E-07
0.195039,1.1269E-07
0.2081035,1.1269E-07
0.2203717,1.1269E-07
0.2366912,1.341105E-07
0.2535667,9.313226E-08
0.276058,1.1269E-07
0.2981181,1.341105E-07
0.3103715,1.573935E-07
0.3248203,1.341105E-07
0.3370752,1.341105E-07
0.3491435,1.573935E-07
0.3616804,1.573935E-07
0.3738926,1.341105E-07
0.3929297,1.341105E-07
0.4053887,1.341105E-07
0.4211256,1.341105E-07
0.4435863,1.341105E-07
0.4658046,1.341105E-07
0.4791388,1.1269E-07
0.4912213,1.1269E-07
0.5032205,1.573935E-07
0.5223111,1.573935E-07
0.5352098,1.573935E-07
0.5497895,1.573935E-07
0.5618264,2.095476E-07
0.5740643,2.095476E-07
0.5860205,1.573935E-07
0.5991812,1.573935E-07
0.6222381,1.341105E-07
0.6445782,1.573935E-07
0.6668107,1.341105E-07
0.6894233,1.825392E-07
0.7013826,1.825392E-07
0.7144552,1.573935E-07
0.7270968,1.573935E-07
0.7406832,1.573935E-07
0.7527991,1.573935E-07
0.7724176,1.573935E-07
0.787962,1.573935E-07
0.8002155,1.1269E-07
0.8231331,1.825392E-07
0.8455006,1.341105E-07
0.8677923,1.341105E-07
0.8904064,1.573935E-07
0.9131896,1.573935E-07
0.9265439,1.573935E-07
0.9389948,1.573935E-07
0.95206,1.341105E-07
0.9642161,1.825392E-07
0.9766307,1.825392E-07
0.9918327,1.573935E-07
1.0040897,1.1269E-07
1.0244504,1.1269E-07
1.0466135,1.341105E-07
1.0692247,1.341105E-07
1.0830843,1.1269E-07
1.0954156,1.573935E-07
1.1101448,1.573935E-07
1.122401,1.341105E-07
1.1345416,1.573935E-07
1.1541284,1.573935E-07
1.1697212,1.341105E-07
1.1918881,1.825392E-07
1.2142736,1.825392E-07
1.2365741,1.573935E-07
1.2513015,1.341105E-07
1.2640401,1.341105E-07
1.283719,1.341105E-07
1.2987535,1.341105E-07
1.3113631,1.341105E-07
1.3234064,1.341105E-07
1.3381785,1.341105E-07
1.3503004,1.341105E-07
1.3705191,1.341105E-07
1.3936691,1.825392E-07
1.415202,1.573935E-07
1.4273959,1.573935E-07
1.4424075,1.573935E-07
1.4544151,1.341105E-07
1.4665885,1.341105E-07
1.4786198,1.573935E-07
1.491625,1.573935E-07
1.5049892,1.573935E-07
1.5275884,1.573935E-07
1.5493163,1.573935E-07
1.5717081,1.341105E-07
1.5939611,1.1269E-07
1.6069585,1.825392E-07
1.6191379,1.825392E-07
1.6311287,1.825392E-07
1.6460077,1.341105E-07
1.665689,1.341105E-07
1.6778581,1.573935E-07
1.6898563,1.573935E-07
1.7056101,1.1269E-07
1.7279593,1.573935E-07
1.7502592,1.825392E-07
1.7727265,1.573935E-07
1.7929427,1.573935E-07
1.8059321,1.341105E-07
1.818408,1.341105E-07
1.8313822,1.573935E-07
1.8510741,1.341105E-07
1.8732981,1.1269E-07
1.8863375,1.573935E-07
1.8984069,1.573935E-07
1.9186358,1.573935E-07
1.9325,1.341105E-07
1.9448444,1.573935E-07
1.9568454,1.573935E-07
1.9689292,2.384186E-07
1.983798,2.384186E-07
1.9966466,1.341105E-07
2.0088048,1.341105E-07
2.0294756,1.573935E-07
2.0519771,1.573935E-07
2.0644502,1.1269E-07
2.0796339,1.341105E-07
2.0921416,1.341105E-07
2.1041196,1.1269E-07
2.1160747,1.573935E-07
2.1276512,1.573935E-07
2.1485165,1.573935E-07
2.1606973,1.341105E-07
2.1748232,1.825392E-07
2.1969978,1.341105E-07
2.219389,1.825392E-07
2.2416349,1.341105E-07
2.2542751,1.341105E-07
2.2659482,1.573935E-07
2.2852342,1.573935E-07
2.2974502,1.341105E-07
2.3095295,1.341105E-07
2.324283,1.1269E-07
2.337102,1.1269E-07
2.3505466,1.1269E-07
2.3634449,1.341105E-07
2.3830603,1.573935E-07
2.3955468,1.341105E-07
2.4098119,1.341105E-07
2.4321498,1.825392E-07
2.4543418,1.341105E-07
2.4762897,1.573935E-07
2.4885925,1.573935E-07
2.5014387,1.573935E-07
2.5213439,1.573935E-07
2.5359334,2.095476E-07
2.5480786,2.384186E-07
2.5609128,2.384186E-07
2.5738905,2.384186E-07
2.5856869,1.825392E-07
2.597714,1.825392E-07
2.6103331,1.573935E-07
2.6325779,1.573935E-07
2.6551221,3.362074E-07
2.6772848,4.926696E-07
2.6894102,2.691522E-07
2.7022007,1.825392E-07
2.714355,1.1269E-07
2.7266924,1.1269E-07
2.738772,1.341105E-07
2.7610849,1.341105E-07
2.7754667,1.341105E-07
2.7876274,2.384186E-07
2.8001622,2.384186E-07
2.8226059,1.189206E-05
2.8450856,1.341105E-07
2.8676837,1.341105E-07
2.8910911,1.825392E-07
2.9034154,1.341105E-07
2.916036,1.341105E-07
2.9288204,1.825392E-07
2.9414751,1.825392E-07
2.9535861,1.825392E-07
2.9659711,1.825392E-07
2.9799544,1.573935E-07
3.0034479,1.341105E-07
3.0241849,1.341105E-07
3.0458828,2.095476E-07
3.0683378,2.095476E-07
3.0805331,1.573935E-07
3.0954777,1.573935E-07
3.1074991,1.573935E-07
3.119579,1.573935E-07
3.1394772,1.573935E-07
3.1523086,1.825392E-07
3.164367,1.825392E-07
3.1799615,1.825392E-07
3.2023527,1.825392E-07
3.2247706,1.573935E-07
3.2472157,1.573935E-07
3.2600499,2.095476E-07
3.2800334,1.573935E-07
3.2928613,1.573935E-07
3.3051507,3.017485E-07
3.3173671,3.017485E-07
3.3322369,1.825392E-07
3.3443405,1.825392E-07
3.3564413,1.573935E-07
3.3690173,1.573935E-07
3.3925848,2.384186E-07
3.4155282,7.543713E-08
3.4369377,1.341105E-07
3.4594061,2.095476E-07
3.4717268,1.573935E-07
3.4837817,1.573935E-07
3.4965496,1.341105E-07
3.5166121,1.341105E-07
3.5319495,1.341105E-07
3.5441268,1.573935E-07
3.556156,1.573935E-07
3.5683576,1.341105E-07
3.5806738,1.341105E-07
3.5929611,1.573935E-07
3.6069984,1.573935E-07
3.6279435,1.573935E-07
3.6491262,1.825392E-07
3.6713619,1.341105E-07
3.6835628,1.573935E-07
3.6954601,1.825392E-07
3.7083239,1.825392E-07
3.720632,1.825392E-07
3.7335095,1.825392E-07
3.7563281,1.825392E-07
3.7689711,1.573935E-07
3.7818871,1.573935E-07
3.7942009,1.573935E-07
3.8167479,1.573935E-07
3.8390407,1.341105E-07
3.8614322,1.341105E-07
3.8848837,1.825392E-07
3.8974069,1.573935E-07
3.9101272,1.573935E-07
3.9230347,1.573935E-07
3.9353142,1.341105E-07
3.948391,1.573935E-07
3.9617968,1.573935E-07
3.9766645,1.573935E-07
3.9967319,1.341105E-07
4.0177923,1.341105E-07
4.0402434,1.341105E-07
4.0528971,1.573935E-07
4.0682765,2.095476E-07
4.080489,2.095476E-07
4.0926268,1.825392E-07
4.1047021,1.341105E-07
4.1247174,1.341105E-07
4.1408422,1.573935E-07
4.1630602,1.573935E-07
4.1855593,1.341105E-07
4.2078066,1.341105E-07
4.2212564,1.341105E-07
4.2330018,1.341105E-07
4.2451237,1.341105E-07
4.2650938,1.825392E-07
4.2781053,1.573935E-07
4.2930552,1.341105E-07
4.3054102,1.573935E-07
4.3177662,1.573935E-07
4.329775,1.573935E-07
4.3528558,1.341105E-07
4.3753888,1.825392E-07
4.3976036,1.1269E-07
4.4125616,1.573935E-07
4.425948,1.573935E-07
4.437766,1.573935E-07
4.4502599,1.341105E-07
4.4624844,1.341105E-07
4.4753785,1.341105E-07
4.4988519,1.341105E-07
4.5219395,1.573935E-07
4.542857,1.573935E-07
4.5655423,1.573935E-07
4.5774294,1.341105E-07
4.5891828,1.341105E-07
4.6045135,1.825392E-07
4.6164767,3.362074E-07
4.6372109,3.362074E-07
4.6491569,6.789342E-07
4.6614079,1.825392E-07
4.6766941,1.573935E-07
4.6989929,1.573935E-07
4.7214553,1.341105E-07
4.7437315,2.095476E-07
4.7555981,1.573935E-07
4.7755693,1.573935E-07
4.7876224,1.341105E-07
4.7997306,1.341105E-07
4.8124597,1.573935E-07
4.8332084,1.341105E-07
4.8557015,1.573935E-07
4.8683921,1.573935E-07
4.8802707,1.573935E-07
4.9000201,3.72529E-07
4.9118264,2.384186E-07
4.923918,2.384186E-07
4.9398379,3.017485E-07
4.9525709,3.017485E-07
4.9652295,3.017485E-07
4.9769011,3.362074E-07
4.9894437,3.362074E-07
5.0123254,3.72529E-07
5.0350836,7.832423E-07
5.0565745,1.363549E-05
5.0701217,6.295741E-07
5.0819235,3.72529E-07
5.0938542,3.72529E-07
5.1055646,4.107133E-07
5.1173928,4.107133E-07
5.1371027,2.691522E-07
5.1497877,1.573935E-07
5.16505,1.573935E-07
5.1770164,1.573935E-07
5.1888538,9.313226E-08
5.2008011,9.313226E-08
5.2241334,1.825392E-07
5.2465267,1.825392E-07
5.2690621,1.341105E-07
5.2912188,1.573935E-07
5.3036556,1.341105E-07
5.3158882,1.341105E-07
5.328209,1.341105E-07
5.3402315,1.341105E-07
5.3522518,1.341105E-07
5.3715544,1.1269E-07
5.3861178,1.341105E-07
5.3978561,1.341105E-07
5.4105302,1.341105E-07
5.4237191,1.573935E-07
5.4362952,1.573935E-07
5.4588764,1.825392E-07
5.4812595,1.416542E-06
5.5037473,1.904462E-05
5.5257647,0.0004615784
5.5390343,0.00131663
5.551694,0.00131663
5.5650934,0.003351466
5.5776152,0.003177122
5.5899677,0.003177122
5.6057639,0.002324954
5.6256211,0.003135973
5.638223,0.002984051
5.6598937,0.002984051
5.6822623,0.002031707
5.7045019,0.002732844
5.7165896,0.002964079
5.7314651,0.003472679
5.7515272,0.003559538
5.7636057,0.002987386
5.77585,0.002987386
5.7883301,0.002202991
5.8006284,0.002202991
5.8133917,0.001122806
5.825912,0.001122806
5.8387642,5.590264E-05
5.8615411,2.920628E-06
5.8832137,6.262213E-06
5.9057727,1.642853E-06
5.9182529,1.274981E-06
5.9310514,1.274981E-06
5.9461646,3.025867E-06
5.9588221,1.007318E-05
5.9712713,1.007318E-05
5.9917438,2.095476E-07
6.0058295,1.341105E-07
6.028416,1.341105E-07
6.051049,3.362074E-07
6.0739487,1.341105E-07
6.0877286,1.573935E-07
6.1003011,1.573935E-07
6.1125278,1.573935E-07
6.1329305,1.341105E-07
6.1462383,1.341105E-07
6.1614865,1.341105E-07
6.1739053,1.573935E-07
6.1960324,1.573935E-07
6.2184704,1.573935E-07
6.2407569,1.825392E-07
6.25273,1.341105E-07
6.2720668,1.341105E-07
6.2871013,1.573935E-07
6.3006619,1.573935E-07
6.3122961,1.825392E-07
6.3297947,1.1269E-07
6.3523442,1.825392E-07
6.3646509,1.825392E-07
6.3873806,1.825392E-07
6.3992426,1.341105E-07
6.4113123,1.573935E-07
6.4243567,1.573935E-07
6.4363294,1.573935E-07
6.44825,1.1269E-07
6.460106,1.1269E-07
6.4727018,1.341105E-07
6.4947619,1.573935E-07
6.5090668,1.573935E-07
6.5308642,1.573935E-07
6.5533964,1.573935E-07
6.5758207,2.095476E-07
6.5879056,2.095476E-07
6.6024422,1.341105E-07
6.6152771,1.825392E-07
6.6348417,1.825392E-07
6.6472517,1.341105E-07
6.6595379,1.341105E-07
6.6715713,1.341105E-07
6.6834224,1.573935E-07
6.6955831,1.573935E-07
6.7122069,1.573935E-07
6.7321576,1.825392E-07
6.755066,1.573935E-07
6.7766575,1.341105E-07
6.7991163,1.341105E-07
6.8113116,1.573935E-07
6.8235403,1.341105E-07
6.8380667,1.341105E-07
6.8497362,1.341105E-07
6.8617252,1.341105E-07
6.880958,1.573935E-07
6.8937954,9.313226E-08
6.9055206,9.313226E-08
6.9220329,1.341105E-07
6.944423,1.341105E-07
6.9589621,1.573935E-07
6.9706707,1.573935E-07
6.9915739,1.341105E-07
7.0034426,1.825392E-07
7.0154496,1.825392E-07
7.0279392,1.341105E-07
7.0396444,1.341105E-07
7.0516806,1.341105E-07
7.0692811,1.573935E-07
7.0821625,1.573935E-07
7.1021453,1.341105E-07
7.1238048,1.341105E-07
7.1453148,1.341105E-07
7.1572939,1.573935E-07
7.1724374,1.341105E-07
7.1843265,1.573935E-07
7.1963818,1.573935E-07
7.2093771,1.573935E-07
7.2291494,1.573935E-07
7.241607,1.341105E-07
7.2569173,1.341105E-07
7.2794671,1.341105E-07
7.3019856,1.573935E-07
7.3241726,1.341105E-07
7.337993,1.341105E-07
7.3502884,1.341105E-07
7.3696009,1.573935E-07
7.3819101,1.341105E-07
7.3964534,1.341105E-07
7.4083503,1.573935E-07
7.4207783,1.573935E-07
7.4328589,1.825392E-07
7.4449653,1.341105E-07
7.4583182,1.341105E-07
7.4822496,1.341105E-07
7.5032303,1.825392E-07
7.525033,4.107133E-07
7.548092,1.573935E-07
7.5601677,1.573935E-07
7.5731295,1.573935E-07
7.58503,1.341105E-07
7.5971219,1.341105E-07
7.6171932,1.341105E-07
7.6337585,1.573935E-07
7.6468049,1.573935E-07
7.6598585,1.573935E-07
7.6830335,1.573935E-07
7.7038513,1.573935E-07
7.7264332,1.1269E-07
7.7506957,1.341105E-07
7.7628554,1.341105E-07
7.7756081,1.341105E-07
7.7879017,1.341105E-07
7.8002846,1.341105E-07
7.8124103,1.825392E-07
7.8243076,1.825392E-07
7.8366563,1.341105E-07
7.8589501,1.341105E-07
7.8708784,1.341105E-07
7.8833307,1.825392E-07
7.904931,1.825392E-07
7.9275094,1.341105E-07
7.9495289,1.341105E-07
7.964592,1.573935E-07
7.9767188,1.573935E-07
7.996214,1.341105E-07
8.008235,1.341105E-07
8.0200801,1.341105E-07
8.0326241,1.341105E-07
8.0445172,1.341105E-07
8.0562142,1.341105E-07
8.0682945,1.341105E-07
8.0835473,1.341105E-07
8.1038809,1.825392E-07
8.1171957,1.825392E-07
8.13954,1.825392E-07
8.1620228,1.825392E-07
8.185152,1.341105E-07
8.20111,1.1269E-07
8.2138582,1.1269E-07
8.233396,1.341105E-07
8.2457464,1.573935E-07
8.2574356,1.573935E-07
8.2735851,1.341105E-07
8.2959393,1.573935E-07
8.3182529,1.341105E-07
8.3405132,1.341105E-07
8.3534296,1.341105E-07
8.3732516,1.825392E-07
8.3852857,1.825392E-07
8.3975997,1.573935E-07
8.4121261,3.362074E-07
8.4242703,3.362074E-07
8.436847,1.34483E-06
8.4486689,1.34483E-06
8.4608366,1.885928E-06
8.4802725,1.825392E-07
8.4968,1.825392E-07
8.5191781,1.825392E-07
8.5415146,2.384186E-07
8.5639647,1.573935E-07
8.5758193,1.573935E-07
8.5882596,1.341105E-07
8.6003921,1.341105E-07
8.619883,1.341105E-07
8.634737,1.341105E-07
8.6468642,1.1269E-07
8.6586712,1.1269E-07
8.6723943,1.573935E-07
8.6851122,1.341105E-07
8.6976935,1.341105E-07
8.7106462,1.341105E-07
8.7314785,1.573935E-07
8.7537656,1.573935E-07
8.7763532,1.341105E-07
8.789851,1.825392E-07
8.8025328,1.1269E-07
8.814721,1.1269E-07
8.8274399,1.1269E-07
8.8417597,1.1269E-07
8.865128,1.573935E-07
8.8774949,1.573935E-07
8.8988804,2.095476E-07
8.9212861,1.573935E-07
8.9443655,1.573935E-07
8.9589353,1.341105E-07
8.9722399,1.341105E-07
8.9918602,1.573935E-07
9.0036379,1.1269E-07
9.0157969,1.1269E-07
9.0292735,1.573935E-07
9.0416271,1.573935E-07
9.0537705,1.573935E-07
9.0664859,1.573935E-07
9.088797,2.095476E-07
9.1114428,1.573935E-07
9.1357116,1.573935E-07
9.1489203,1.825392E-07
9.1606811,1.825392E-07
9.1749498,1.825392E-07
9.1900576,1.341105E-07
9.2021764,1.573935E-07
9.2144143,1.573935E-07
9.2349468,1.573935E-07
9.2566867,1.573935E-07
9.2696358,1.341105E-07
9.2815744,1.1269E-07
9.2936152,1.1269E-07
9.3087103,1.825392E-07
9.3206115,1.825392E-07
9.3326883,1.341105E-07
9.3538943,1.341105E-07
9.3684436,1.341105E-07
9.3923838,1.573935E-07
9.4133973,1.573935E-07
9.4350677,1.573935E-07
9.4472284,1.341105E-07
9.4596282,1.573935E-07
9.4809562,1.573935E-07
9.4934202,1.573935E-07
9.5054476,1.825392E-07
9.5179295,1.825392E-07
9.5326879,1.825392E-07
9.5446508,1.825392E-07
9.5565421,1.825392E-07
9.5689232,1.825392E-07
9.5917727,1.825392E-07
9.6138899,1.825392E-07
9.636018,1.573935E-07
9.6504323,1.573935E-07
9.6623878,1.573935E-07
9.674332,1.573935E-07
9.6862324,1.341105E-07
9.6981533,1.341105E-07
9.7180335,1.341105E-07
9.7298621,1.341105E-07
9.7421423,1.573935E-07
9.7541598,1.1269E-07
9.7697899,1.1269E-07
9.7831858,2.095476E-07
9.7949318,1.341105E-07
9.8147584,1.341105E-07
9.8375452,1.341105E-07
9.8496435,1.341105E-07
9.8647158,2.095476E-07
9.8766536,2.095476E-07
9.8887,1.341105E-07
9.9011591,1.341105E-07
9.9130271,1.1269E-07
9.925405,1.1269E-07
9.9454343,1.1269E-07
9.9574448,1.341105E-07
9.9716069,1.573935E-07
9.9937178,1.573935E-07
10.0158667,1.341105E-07
10.0382892,1.573935E-07
10.0507948,1.573935E-07
10.0627651,1.573935E-07
10.0819034,1.341105E-07
10.0969206,1.573935E-07
10.1087992,1.573935E-07
10.1207155,1.573935E-07
10.1326509,1.573935E-07
10.1452541,1.341105E-07
10.1569991,1.341105E-07
10.1769234,1.573935E-07
10.1928257,1.573935E-07
10.2060199,1.573935E-07
10.2282354,1.573935E-07
10.2504503,1.573935E-07
10.2725498,1.341105E-07
10.2848495,1.573935E-07
10.2964492,1.573935E-07
10.3209267,1.573935E-07
10.3336379,1.341105E-07
10.3454086,1.341105E-07
10.3569815,1.573935E-07
10.3694634,1.573935E-07
10.3818371,1.341105E-07
10.3948416,1.573935E-07
10.4069924,1.1269E-07
10.429447,1.1269E-07
10.4516538,1.341105E-07
10.4738863,1.573935E-07
10.486297,1.825392E-07
10.4984912,1.825392E-07
10.5105457,1.573935E-07
10.5227974,1.573935E-07
10.5375689,1.573935E-07
10.5572417,1.341105E-07
10.5691235,1.825392E-07
10.5819594,1.341105E-07
10.5968723,1.341105E-07
10.6195857,1.825392E-07
10.6413976,1.341105E-07
10.6638367,1.573935E-07
10.6756666,1.1269E-07
10.697099,1.1269E-07
10.708941,1.573935E-07
10.7211475,1.341105E-07
10.7360329,1.1269E-07
10.7478702,1.1269E-07
10.7597731,1.1269E-07
10.7719627,1.1269E-07
10.7923528,9.313226E-08
10.8066648,1.573935E-07
10.8201743,1.573935E-07
10.8437174,1.573935E-07
10.8649044,1.825392E-07
10.8870717,1.573935E-07
10.8995822,1.341105E-07
10.9118134,2.095476E-07
10.933292,1.1269E-07
10.9466766,1.1269E-07
10.9592625,1.1269E-07
10.9739772,1.341105E-07
10.9863111,1.341105E-07
10.9987983,2.095476E-07
11.0130528,2.095476E-07
11.0324351,1.573935E-07
11.0546217,1.825392E-07
11.0671939,1.573935E-07
11.0820571,1.825392E-07
11.0941885,1.825392E-07
11.1064025,2.384186E-07
11.1192504,2.384186E-07
11.1318706,2.691522E-07
11.1448659,1.825392E-07
11.1665564,1.825392E-07
11.1890879,2.095476E-07
11.2110027,1.573935E-07
11.2337782,1.825392E-07
11.2467298,1.573935E-07
11.2586574,1.573935E-07
11.2703023,1.573935E-07
11.2819591,1.573935E-07
11.3044775,1.825392E-07
11.3163071,1.573935E-07
11.3281903,1.573935E-07
11.3406733,1.341105E-07
11.3527423,1.1269E-07
11.3651981,1.1269E-07
11.3772086,1.825392E-07
11.4008428,1.825392E-07
11.4234067,1.573935E-07
11.4456462,1.573935E-07
11.4679242,1.50213E-05
11.4794915,1.50213E-05
11.4912124,1.408998E-05
11.5041552,9.313226E-08
11.5187758,9.313226E-08
11.5385442,1.825392E-07
11.5504157,1.573935E-07
11.5626554,2.095476E-07
11.5743961,2.095476E-07
11.5866584,2.095476E-07
11.5983677,1.825392E-07
11.6108493,1.825392E-07
11.6231211,1.341105E-07
11.6467133,1.341105E-07
11.6694038,1.573935E-07
11.6917304,1.341105E-07
11.7135701,1.341105E-07
11.726058,1.573935E-07
11.7378654,1.573935E-07
11.7521929,1.573935E-07
11.7641819,1.573935E-07
11.7832694,1.573935E-07
11.7951558,1.341105E-07
11.8079501,9.313226E-08
11.8204098,9.313226E-08
11.8326985,1.573935E-07
11.8452076,1.341105E-07
11.8603595,1.341105E-07
11.8737036,1.573935E-07
11.8934713,1.573935E-07
11.9157916,1.573935E-07
11.9371175,1.341105E-07
11.9494728,1.1269E-07
11.9640014,1.573935E-07
11.9761786,1.573935E-07
11.9881207,1.573935E-07
12.0006361,1.573935E-07
12.0203125,1.341105E-07
12.0323297,1.573935E-07
12.0486452,1.573935E-07
12.071255,1.573935E-07
12.093497,1.573935E-07
12.10559,1.341105E-07
12.1176181,1.341105E-07
12.1377564,1.565553E-06
12.1503639,1.341105E-07
12.1631935,1.825392E-07
12.1779361,1.825392E-07
12.1898432,1.825392E-07
12.2016217,1.341105E-07
12.2139449,1.341105E-07
12.2267485,1.341105E-07
12.2498329,1.1269E-07
12.2724169,1.341105E-07
12.2955486,1.825392E-07
12.3172257,1.825392E-07
12.3303088,1.573935E-07
12.3428546,1.825392E-07
12.3547995,1.573935E-07
12.3666104,1.573935E-07
12.3867268,1.573935E-07
12.4019429,1.573935E-07
12.4137284,1.573935E-07
12.4256589,1.573935E-07
12.4406867,1.573935E-07
12.4619981,1.825392E-07
12.4844112,1.341105E-07
12.5067671,1.341105E-07
12.5266578,1.341105E-07
12.5387991,1.573935E-07
12.5510303,1.573935E-07
12.5631233,1.341105E-07
12.5851256,1.825392E-07
12.6072445,1.1269E-07
12.6298025,1.573935E-07
12.6420707,1.825392E-07
12.661368,1.825392E-07
12.6733753,1.573935E-07
12.6859101,1.573935E-07
12.6987976,1.573935E-07
12.7191041,1.825392E-07
12.7414959,1.825392E-07
12.7537832,1.341105E-07
12.7735259,1.825392E-07
12.7861217,1.573935E-07
12.7978406,1.573935E-07
12.8105856,1.573935E-07
12.8252167,1.573935E-07
12.8372737,1.573935E-07
12.8498604,1.341105E-07
12.8618916,1.341105E-07
12.8819986,1.341105E-07
12.897721,1.573935E-07
12.9202049,1.573935E-07
12.942564,1.341105E-07
12.9646911,1.825392E-07
12.9773532,1.573935E-07
12.9891239,1.573935E-07
13.0008435,1.573935E-07
13.0201027,1.573935E-07
13.0325451,1.573935E-07
13.0475528,1.341105E-07
13.0593722,1.341105E-07
13.0710925,1.573935E-07
13.0849376,1.1269E-07
13.0970398,1.1269E-07
13.1089,1.341105E-07
13.1297341,1.341105E-07
13.1444643,1.1269E-07
13.1659781,1.1269E-07
13.1880706,1.341105E-07
13.2110556,1.1269E-07
13.2229314,1.573935E-07
13.2350043,1.573935E-07
13.247257,1.573935E-07
13.266579,1.825392E-07
13.2817891,1.573935E-07
13.294538,1.341105E-07
13.3065573,1.341105E-07
13.3185607,1.341105E-07
13.3322461,1.341105E-07
13.344233,1.573935E-07
13.3667109,1.573935E-07
13.38934,1.573935E-07
13.4116342,1.341105E-07
13.4273765,1.1269E-07
13.4394455,1.1269E-07
13.4515505,1.341105E-07
13.4639809,1.573935E-07
13.4758003,1.573935E-07
13.4983081,2.691522E-07
13.5121815,2.691522E-07
13.5345198,1.825392E-07
13.5567815,1.825392E-07
13.5789639,1.573935E-07
13.591223,1.825392E-07
13.6037952,1.341105E-07
13.6187793,1.573935E-07
13.6388319,1.573935E-07
13.6510818,1.573935E-07
13.6629738,1.573935E-07
13.6759128,1.573935E-07
13.6879909,1.573935E-07
13.7002059,1.573935E-07
13.7125814,1.573935E-07
13.7357236,1.573935E-07
13.7578288,1.825392E-07
13.7800468,2.384186E-07
13.8027776,3.72529E-07
13.8152933,4.107133E-07
13.8271786,4.507601E-07
13.8424015,4.507601E-07
13.8544105,3.72529E-07
13.8667595,3.72529E-07
13.8860494,1.573935E-07
13.8988209,2.095476E-07
13.9140454,2.095476E-07
13.9365695,1.825392E-07
13.9591938,1.825392E-07
13.9812009,1.825392E-07
13.9932626,1.341105E-07
14.0052734,1.573935E-07
14.0260242,1.1269E-07
14.038851,1.1269E-07
14.0508928,1.825392E-07
14.0630775,1.573935E-07
14.0754381,1.573935E-07
14.0900629,1.825392E-07
14.1023252,1.825392E-07
14.1217766,1.825392E-07
14.1335381,1.1269E-07
14.1486449,1.1269E-07
14.1711581,1.573935E-07
14.1934188,1.1269E-07
14.2159633,1.341105E-07
14.2277167,1.341105E-07
14.2395809,1.341105E-07
14.2588122,1.573935E-07
14.2717596,1.341105E-07
14.2870138,1.341105E-07
14.299775,1.341105E-07
14.3161865,1.1269E-07
14.3386711,1.341105E-07
14.3509454,1.341105E-07
14.3645567,1.1269E-07
14.3857102,1.1269E-07
14.4012729,1.1269E-07
14.4133508,1.341105E-07
14.4254145,1.341105E-07
14.4372769,1.341105E-07
14.4493163,1.573935E-07
14.4727304,1.573935E-07
14.4950158,1.341105E-07
14.5183583,1.341105E-07
14.5409839,1.825392E-07
14.5532822,3.362074E-07
14.5663247,3.362074E-07
14.5782132,3.017485E-07
14.5903785,3.017485E-07
14.6029264,3.017485E-07
14.6179186,3.017485E-07
14.6377469,4.563481E-08
14.6511629,4.926696E-07
14.6740523,3.72529E-07
14.695959,1.416542E-06
14.7181841,2.920628E-06
14.7407551,7.832423E-07
14.756169,1.274981E-06
14.7764075,1.206994E-06
14.7883182,1.206994E-06
14.8003269,3.017485E-07
14.8122548,2.384186E-07
14.8276762,2.384186E-07
14.8397061,3.362074E-07
14.851609,2.095476E-07
14.8648653,2.095476E-07
14.8858435,3.72529E-07
14.9085157,7.301569E-07
14.930709,4.926696E-07
14.9426903,4.694797E-06
14.955199,4.694797E-06
14.9678382,5.099922E-06
14.9807789,5.099922E-06
14.9931296,2.616085E-06
15.0131812,8.381903E-07
15.0255087,1.076609E-06
15.0400195,1.076609E-06
15.0546151,4.507601E-07
15.0759998,3.017485E-07
15.0981798,9.536743E-07
15.1207709,9.536743E-07
15.1335667,2.095476E-07
15.1558443,2.095476E-07
15.167543,2.095476E-07
15.1793536,2.384186E-07
15.1929745,2.384186E-07
15.2049564,1.573935E-07
15.2172895,2.691522E-07
15.2295535,2.691522E-07
15.241399,9.536743E-07
15.2637891,9.536743E-07
15.2768123,3.362074E-07
15.2992422,6.295741E-07
15.3215717,4.507601E-07
15.3439646,7.301569E-07
15.3561214,1.565553E-06
15.3703389,4.507601E-07
15.3899807,2.384186E-07
15.4032025,2.384186E-07
15.4152175,5.364418E-07
15.4274011,5.364418E-07
15.4393848,2.384186E-07
15.4516883,2.384186E-07
15.4643025,1.573935E-07
15.4788398,1.573935E-07
15.498056,1.573935E-07
15.511215,4.107133E-07
15.5337613,4.107133E-07
15.5563309,6.262213E-06
15.5787714,6.262213E-06
15.5942943,1.14087E-06
15.6073249,2.384186E-07
15.6193121,2.384186E-07
15.6398249,5.820766E-07
15.6520074,1.885928E-06
15.6644016,1.206994E-06
15.6789357,1.206994E-06
15.7016591,2.095476E-07
15.7238154,1.341105E-07
15.7460983,1.341105E-07
15.7588447,1.573935E-07
15.7788264,1.341105E-07
15.7908277,1.341105E-07
15.8025374,1.573935E-07
15.8156636,1.341105E-07
15.8305229,1.341105E-07
15.8429103,1.573935E-07
15.8548337,1.573935E-07
15.8679567,1.341105E-07
15.8870928,1.341105E-07
15.9025004,1.341105E-07
15.9248341,1.573935E-07
15.9471399,1.825392E-07
15.9696281,1.573935E-07
15.9823946,1.341105E-07
15.994514,1.341105E-07
16.0064726,1.573935E-07
16.028331,1.573935E-07
16.0428003,1.341105E-07
16.054602,1.341105E-07
16.0676284,1.341105E-07
16.0813222,1.573935E-07
16.1033195,1.341105E-07
16.126619,1.1269E-07
16.1480021,1.573935E-07
16.1600736,1.341105E-07
16.1723517,1.573935E-07
16.1843269,1.573935E-07
16.1987905,1.573935E-07
16.2116589,1.573935E-07
16.2247075,1.573935E-07
16.236998,1.573935E-07
16.2570072,1.573935E-07
16.2728221,1.341105E-07
16.2935651,1.573935E-07
16.3156639,1.341105E-07
16.3379631,1.825392E-07
16.3503695,1.573935E-07
16.3655627,1.803041E-06
16.3780151,1.803041E-06
16.397532,1.803041E-06
16.40946,0.0008618869
16.4219948,0.002330843
16.4386292,0.009572539
16.4608973,0.009572539
16.4730615,0.0168854
16.487852,0.0168854
16.4999182,0.01991296
16.5202843,0.01881739
16.5333759,0.01881739
16.5457781,0.0005086148
16.5581127,0.0005086148
16.5706133,1.885928E-06
16.5834013,4.827976E-06
16.6059419,4.827976E-06
16.629697,2.328306E-06
16.6514383,6.789342E-07
16.6733422,2.384186E-07
16.6879811,4.926696E-07
16.6996668,4.926696E-07
16.7115669,4.926696E-07
16.7234607,2.691522E-07
16.7357113,2.691522E-07
16.7561595,2.691522E-07
16.7683251,1.573935E-07
16.7801184,1.341105E-07
16.7960803,1.573935E-07
16.8181305,1.341105E-07
16.8409635,1.341105E-07
16.8634358,1.341105E-07
16.8765013,1.1269E-07
16.8970634,1.1269E-07
16.911666,1.573935E-07
16.9240418,1.341105E-07
16.9359031,1.341105E-07
16.9476865,1.1269E-07
16.9599501,1.1269E-07
16.971998,1.573935E-07
16.9848054,1.573935E-07
17.0084124,1.573935E-07
17.0304287,1.341105E-07
17.0528618,1.341105E-07
17.0753775,1.825392E-07
17.0885953,1.341105E-07
17.1030752,1.573935E-07
17.1150409,1.573935E-07
17.1268934,1.573935E-07
17.1460609,1.573935E-07
17.1580668,1.341105E-07
17.1760281,1.341105E-07
17.1991005,1.573935E-07
17.2203188,1.573935E-07
17.2350078,1.573935E-07
17.2467915,1.825392E-07
17.2585696,1.825392E-07
17.2790366,1.573935E-07
17.2914349,1.825392E-07
17.3037473,1.1269E-07
17.3158237,1.573935E-07
17.3281289,1.573935E-07
17.34268,1.573935E-07
17.3542522,1.573935E-07
17.3733126,1.573935E-07
17.3878968,1.1269E-07
17.4102386,1.573935E-07
17.4324541,1.573935E-07
17.4547642,1.825392E-07
17.466634,1.573935E-07
17.4798187,1.341105E-07
17.4917315,1.341105E-07
17.5110856,1.573935E-07
17.5232738,1.341105E-07
17.5351026,1.341105E-07
17.5474523,1.573935E-07
17.5624837,4.507601E-07
17.5742251,4.507601E-07
17.5862046,2.145767E-06
17.599037,2.145767E-06
17.6225555,2.920628E-06
17.6451787,3.465451E-06
17.6672334,4.827976E-06
17.6894384,6.110407E-06
17.7017194,2.236106E-06
17.7138797,1.046434E-05
17.7277234,1.046434E-05
17.7398013,5.521812E-06
17.759942,1.274981E-06
17.7727882,4.107133E-07
17.7852708,4.107133E-07
17.8005064,3.362074E-07
17.8126494,3.362074E-07
17.8245922,5.820766E-07
17.8383146,5.820766E-07
17.8508819,4.926696E-07
17.8705766,1.01421E-06
17.8847278,2.384186E-07
17.8969255,2.384186E-07
17.9117964,3.580004E-06
17.9243274,1.565553E-06
17.9362074,6.789342E-07
17.9489675,6.789342E-07
17.9611762,6.789342E-07
17.9818311,4.507601E-07
17.9940383,7.832423E-07
18.0060467,7.832423E-07
18.0211732,1.01421E-06
18.0332225,3.017485E-07
18.0451681,3.017485E-07
18.0578464,1.825392E-07
18.0805102,1.825392E-07
18.1031524,1.825392E-07
18.1251148,1.825392E-07
18.1474936,1.825392E-07
18.1591638,1.341105E-07
18.1715364,1.341105E-07
18.1834947,1.573935E-07
18.1958656,1.573935E-07
18.2163371,1.341105E-07
18.2283444,1.573935E-07
18.2412248,1.573935E-07
18.2533128,1.573935E-07
18.2652447,1.825392E-07
18.2804284,1.1269E-07
18.2925996,1.1269E-07
18.3053809,1.1269E-07
18.3249508,1.573935E-07
18.3372593,1.573935E-07
18.3523463,2.328306E-06
18.3646258,2.328306E-06
18.3771688,1.573935E-07
18.3888164,1.573935E-07
18.400865,1.573935E-07
18.4130317,1.825392E-07
18.4326481,1.341105E-07
18.4489453,1.341105E-07
18.4713323,1.341105E-07
18.4945256,1.341105E-07
18.5161238,1.825392E-07
18.5280436,1.341105E-07
18.5399451,1.341105E-07
18.5518393,1.341105E-07
18.5716239,3.433228E-05
18.5842289,0.001018975
18.5992556,0.001018975
18.61102,0.001009257
18.6234074,0.001009257
18.6356922,0.002426092
18.6474037,0.002426092
18.6591895,0.00127925
18.6786406,0.00127925
18.6935912,0.007692609
18.7057424,0.007692609
18.7283211,0.004922413
18.7527042,0.005130106
18.7730195,0.001473878
18.7858195,0.00395216
18.8081038,0.00395216
18.8205879,0.0009556944
18.8334083,0.0002848068
18.8458271,0.0004434027
18.8583725,0.00083875
18.8702878,0.00083875
18.8822299,0.0004446888
18.8943666,0.0004446888
18.9172133,0.02939433
18.9407629,0.02587534
18.9629837,3.934838E-06
18.9853527,3.465451E-06
19.0074942,0.00352684
19.0239772,0.001899138
19.0357278,0.0009350516
19.0478575,0.002628565
19.0675543,0.002628565
19.0796046,0.002200128
19.0919004,0.002200128
19.1082756,0.0005196864
19.1306332,0.01938254
19.1436346,0.01217747
19.1555992,0.01217747
19.1682754,0.007348583
19.1875315,0.007348583
19.1996414,0.002197266
19.2115616,0.0001309672
19.223966,3.132969E-06
19.239297,3.352761E-06
19.2516199,3.352761E-06
19.2636579,3.352761E-06
19.2755785,1.622736E-05
19.2980377,1.622736E-05
19.3211803,0.001877919
19.34296,0.01251656
19.3602086,0.0095606
19.3719857,0.006397852
19.3837109,0.006397852
19.3955341,0.003658537
19.4077421,0.003658537
19.4266709,0.003658537
19.4391962,0.003305689
19.4545579,0.001593366
19.4769413,0.0004485585
19.4993949,2.884865E-05
19.5216955,1.490116E-06
19.5339468,2.518296E-06
19.5558873,3.017485E-07
19.5698114,1.573935E-07
19.581549,1.573935E-07
19.5935379,1.573935E-07
19.6060654,1.573935E-07
19.6183142,1.341105E-07
19.6302873,1.341105E-07
19.6434092,1.573935E-07
19.6663999,1.825392E-07
19.6895375,1.573935E-07
19.7113275,1.573935E-07
19.733707,1.825392E-07
19.7459093,1.341105E-07
19.7611279,1.341105E-07
19.7748447,2.095476E-07
19.7870636,1.825392E-07
19.8061331,1.825392E-07
19.8184066,1.573935E-07
19.8343382,1.573935E-07
19.8575665,1.573935E-07
19.8789333,1.573935E-07
19.9012225,1.573935E-07
19.9137394,1.341105E-07
19.9268754,1.341105E-07
19.9465246,1.825392E-07
19.9588457,1.573935E-07
19.9741412,1.825392E-07
19.9872931,1.825392E-07
19.9990479,1.825392E-07
20.0115859,1.341105E-07
20.0239409,1.341105E-07
20.0466403,1.825392E-07
20.0688498,1.825392E-07
20.0912241,2.095476E-07
20.1056419,7.832423E-07
20.1176273,7.832423E-07
20.130415,3.017485E-07
20.1423757,2.095476E-07
20.154554,2.095476E-07
20.1743609,3.72529E-07
20.1878104,2.095476E-07
20.202506,2.095476E-07
20.2251599,2.095476E-07
20.2472387,1.341105E-07
20.2698936,1.825392E-07
20.2818737,1.573935E-07
20.2942531,1.341105E-07
20.3165578,1.341105E-07
20.3292309,1.573935E-07
20.3413665,1.341105E-07
20.3537004,1.825392E-07
20.3660021,1.825392E-07
20.378106,1.825392E-07
20.3909169,1.825392E-07
20.4039722,1.825392E-07
20.4263645,1.825392E-07
20.4484414,1.1269E-07
20.4707166,1.573935E-07
20.4933133,1.573935E-07
20.5052826,1.573935E-07
20.5202575,1.573935E-07
20.5320458,1.825392E-07
20.5437474,1.825392E-07
20.5627901,1.341105E-07
20.5753334,1.825392E-07
20.5873954,1.825392E-07
20.600323,1.341105E-07
20.6122566,1.573935E-07
20.6274678,1.573935E-07
20.6393425,1.573935E-07
20.6608303,1.341105E-07
20.6830853,1.1269E-07
20.7053182,1.1269E-07
20.7173854,1.573935E-07
20.7297263,1.573935E-07
20.7442957,1.1269E-07
20.7563764,1.1269E-07
20.7687215,1.573935E-07
20.7884962,1.573935E-07
20.8014821,1.341105E-07
20.8143219,1.573935E-07
20.8279657,1.825392E-07
20.8506442,1.825392E-07
20.8730001,1.573935E-07
20.895002,1.825392E-07
20.9065562,1.825392E-07
20.9272851,1.341105E-07
20.9403164,1.341105E-07
20.9523749,1.573935E-07
20.9670734,1.573935E-07
20.9844764,1.341105E-07
21.0070562,1.573935E-07
21.020261,1.573935E-07
21.0326974,1.573935E-07
21.0527501,1.573935E-07
21.0647979,1.825392E-07
21.0767855,1.825392E-07
21.0888982,1.341105E-07
21.1009027,1.341105E-07
21.1131262,1.341105E-07
21.127965,1.1269E-07
21.1411927,1.1269E-07
21.1613299,1.341105E-07
21.1732374,1.573935E-07
21.1970049,1.573935E-07
21.21931,3.017485E-07
21.24151,3.017485E-07
21.2637796,0.001363549
21.2764029,0.006674164
21.2888972,0.009435684
21.3133004,0.009435684
21.3258785,0.001622736
21.3380093,0.001622736
21.3505053,0.004037026
21.364421,0.003390446
21.3867451,0.003390446
21.4101339,0.006471291
21.4338576,4.827976E-06
21.4470817,3.352761E-06
21.4590379,3.352761E-06
21.4707117,9.124074E-05
21.4828702,0.000129574
21.4959202,0.000129574
21.5079134,0.000129574
21.5208139,0.0002337629
21.5434209,0.003490686
21.5657324,0.007068762
21.5876827,0.007681906
21.610197,0.007348583
21.6218961,0.01386196
21.6349352,0.006744155
21.6482524,0.006744155
21.6626921,0.0007865587
21.6817503,0.0007865587
21.6942654,0.0003522495
21.7059917,0.0004537441
21.721857,0.0004537441
21.7441988,0.0004421184
21.766519,0.00257254
21.7888136,8.104835E-05
21.800659,2.236106E-06
21.8207307,0.001227394
21.8335667,0.009112418
21.8460553,0.009112418
21.8589177,0.008550379
21.8783335,0.008550379
21.9003731,0.004249156
21.9124869,0.00406811
21.9246814,0.00406811
21.9456674,0.003822777
21.9584628,0.0005322844
21.97023,0.0005322844
21.9824993,0.001074258
21.9968822,0.001092338
22.0086892,0.001092338
22.0213661,0.001092338
22.0334302,0.0007627765
22.0568538,0.0003708163
22.0794819,5.681906E-05
22.1017941,1.478568E-05
22.1237586,3.465451E-06
22.1361041,5.364418E-07
22.1487651,5.364418E-07
22.1608133,2.095476E-07
22.1809502,1.573935E-07
22.1930348,1.573935E-07
22.205083,1.573935E-07
22.2174179,1.825392E-07
22.2327592,1.341105E-07
22.2456226,1.825392E-07
22.2580964,1.825392E-07
22.2713012,1.825392E-07
22.2913947,1.825392E-07
22.3138332,2.095476E-07
22.3257322,1.341105E-07
22.341339,1.341105E-07
22.3533227,1.825392E-07
22.3653462,1.573935E-07
22.3775101,1.573935E-07
22.389747,1.825392E-07
22.4097844,1.825392E-07
22.4254261,1.825392E-07
22.4476325,1.573935E-07
22.4702011,1.341105E-07
22.493308,1.825392E-07
22.5053094,1.341105E-07
22.5174369,1.573935E-07
22.5293441,1.341105E-07
22.5483399,1.341105E-07
22.5606533,1.341105E-07
22.5760281,2.095476E-07
22.5876129,2.095476E-07
22.6002556,1.573935E-07
22.6120722,1.825392E-07
22.6245323,1.825392E-07
22.6366626,1.825392E-07
22.6600827,1.573935E-07
22.682257,1.341105E-07
22.704931,1.341105E-07
22.7270238,1.341105E-07
22.7386443,1.341105E-07
22.7517754,1.341105E-07
22.7664929,1.573935E-07
22.7863104,1.573935E-07
22.7989591,1.341105E-07
22.8113116,1.341105E-07
22.8234444,1.341105E-07
22.8354369,1.573935E-07
22.848995,1.573935E-07
22.8618328,1.341105E-07
22.8836506,1.341105E-07
22.9057216,1.573935E-07
22.9281371,1.1269E-07
22.9400456,1.573935E-07
22.9523333,1.573935E-07
22.9647376,1.825392E-07
22.9792418,1.825392E-07
22.9913066,1.825392E-07
23.0031185,1.573935E-07
23.0240245,1.573935E-07
23.0399963,1.341105E-07
23.0620831,1.825392E-07
23.0846834,1.1269E-07
23.1068503,1.573935E-07
23.1187366,1.341105E-07
23.1307309,1.341105E-07
23.1427008,1.573935E-07
23.1620405,1.341105E-07
23.1747308,1.341105E-07
23.1869377,1.341105E-07
23.1989552,1.1269E-07
23.2136664,1.825392E-07
23.2254459,1.825392E-07
23.2378943,1.341105E-07
23.2501076,1.341105E-07
23.2701757,1.825392E-07
23.2829492,1.341105E-07
23.297599,1.341105E-07
23.3191245,1.573935E-07
23.3418877,1.341105E-07
23.3642757,1.1269E-07
23.3769618,1.573935E-07
23.3889035,1.573935E-07
23.4083281,1.573935E-07
23.4203368,1.341105E-07
23.4359761,1.573935E-07
23.4477662,1.573935E-07
23.4604734,1.341105E-07
23.4723883,1.573935E-07
23.4846428,1.573935E-07
23.5040272,1.573935E-07
23.520444,1.825392E-07
23.5424117,1.1269E-07
23.5659764,1.573935E-07
23.5871383,1.825392E-07
23.5988579,1.341105E-07
23.6114438,1.341105E-07
23.6238157,1.341105E-07
23.6442467,1.341105E-07
23.6591444,1.1269E-07
23.6715012,1.341105E-07
23.6838304,1.341105E-07
23.6961061,1.341105E-07
23.7079709,1.341105E-07
23.7215156,1.341105E-07
23.7433736,1.573935E-07
23.7658219,1.341105E-07
23.7881066,1.1269E-07
23.8105094,1.825392E-07
23.8231831,1.341105E-07
23.8350787,1.341105E-07
23.8472672,1.341105E-07
23.8596769,1.573935E-07
23.8719592,1.573935E-07
23.8949615,1.573935E-07
23.9070834,1.341105E-07
23.9193967,1.341105E-07
23.9324235,1.573935E-07
23.9557247,1.573935E-07
23.9782224,1.341105E-07
24.0003614,1.341105E-07
24.0229924,1.1269E-07
24.0435171,1.573935E-07
24.0562473,1.341105E-07
24.0683036,1.341105E-07
24.0805959,2.095476E-07
24.1008417,1.573935E-07
24.1239935,1.341105E-07
24.1372906,1.341105E-07
24.157064,1.341105E-07
24.1689073,1.341105E-07
24.1808526,1.573935E-07
24.1931106,1.573935E-07
24.2055562,1.573935E-07
24.2208918,1.573935E-07
24.2333128,1.341105E-07
24.2453419,1.573935E-07
24.2650539,1.573935E-07
24.2794107,1.341105E-07
24.3020811,1.341105E-07
24.3243697,1.341105E-07
24.3470151,1.573935E-07
24.3590503,1.341105E-07
24.3713545,1.573935E-07
24.383475,1.573935E-07
24.4028975,1.341105E-07
24.4153353,1.341105E-07
24.4307489,1.341105E-07
24.4430654,9.313226E-08
24.4553943,9.313226E-08
24.4681802,9.313226E-08
24.4806445,1.573935E-07
24.5030759,1.573935E-07
24.5254769,1.341105E-07
24.5484633,1.341105E-07
24.5606575,1.341105E-07
24.5726207,1.341105E-07
24.5856615,1.341105E-07
24.5975789,1.341105E-07
24.6093701,1.825392E-07
24.6212162,1.573935E-07
24.6425115,1.573935E-07
24.6569265,1.573935E-07
24.6694528,1.341105E-07
24.6931705,1.341105E-07
24.715348,1.825392E-07
24.7381923,1.573935E-07
24.7604981,1.341105E-07
24.7802542,1.341105E-07
24.7921116,1.341105E-07
24.8053767,1.1269E-07
24.8175226,1.1269E-07
24.8382092,1.1269E-07
24.8605471,1.1269E-07
24.8734501,2.095476E-07
24.8856647,0.0001051426
24.9076098,0.0001051426
24.9193343,0.009483174
24.9320917,0.01419449
24.9444766,0.01062092
24.9582103,0.009223455
24.9729934,0.009223455
24.9861337,0.009112418
24.9992257,0.009112418
25.020682,0.01011753
25.0390766,0.008137837
25.0521933,0.008137837
25.0665614,0.02322722
25.0786015,0.02322722
25.0902808,0.02322722
25.1035769,0.03115708
25.1159605,0.01929766
25.1360674,0.01929766
25.1521732,0.02122584
25.1731803,0.02161891
25.195502,0.01570904
25.2179877,0.01318769
25.2314178,0.0133988
25.2441889,0.01270161
25.2559684,0.01307578
25.2782806,0.01307578
25.2904642,0.01023451
25.3022797,0.0002827505
25.3144552,0.0002827505
25.3270958,0.003194347
25.3390999,0.003194347
25.3512662,0.003194347
25.382079,0.0003522495
25.398683,0.01112366
25.4192268,0.01112366
25.4412117,0.01445014
25.4533626,0.01550317
25.4655589,0.01550317
25.4775715,0.01255757
25.4898485,0.01255757
25.5125733,0.01391951
25.5244462,0.00895001
25.5363992,0.005820766
25.5487761,0.005820766
25.5614752,0.005820766
25.5733506,4.756823E-05
25.5858855,0.0004106164
25.6089727,0.0004106164
25.6317768,0.005151987
25.6534906,0.006584712
25.6759117,0.006584712
25.688657,0.002612942
25.7016689,0.0001811245
25.7162585,0.0001227194
25.7285292,0.0001227194
25.7403175,0.0004268521
25.7599918,0.01505055
25.7764745,0.0009054281
25.7987048,0.0009054281
25.8210576,0.006228123
25.8433976,0.003362074
25.8561796,0.001833224
25.8684122,0.001833224
25.8802362,0.001833224
25.8998632,0.006074939
25.9125553,0.00664428
25.9253993,0.00664428
25.9369468,0.00664428
25.9513512,0.007805438
25.9635518,0.007469416
25.9761518,0.007469416
25.9882582,0.007469416
26.0111395,0.0001274981
26.033268,8.215103E-05
26.055668,0.0007865587
26.0701394,0.0007865587
26.082318,0.002453224
26.0942203,0.001730182
26.1066253,0.0005564922
26.1270119,0.0005564922
26.1391394,0.0005564922
26.1512796,0.0007049181
26.1636762,0.0007560486
26.1781836,0.0007560486
26.1902339,0.0002163686
26.2030702,6.839726E-05
26.2232568,6.839726E-05
26.2457101,8.583069E-06
26.2590587,2.095476E-07
26.2719892,2.095476E-07
26.28826,2.095476E-07
26.3001139,2.095476E-07
26.3124883,1.825392E-07
26.3244579,1.825392E-07
26.3461678,1.573935E-07
26.3683121,1.573935E-07
26.3831047,1.573935E-07
26.3965757,1.341105E-07
26.4086127,1.341105E-07
26.4204683,1.825392E-07
26.4323343,1.573935E-07
26.4455729,1.573935E-07
26.4687959,1.573935E-07
26.4915629,1.341105E-07
26.5141435,1.825392E-07
26.5361182,2.095476E-07
26.5483642,1.573935E-07
26.5602262,1.573935E-07
26.5719772,1.1269E-07
26.5837567,1.825392E-07
26.5988473,1.825392E-07
26.6179743,1.341105E-07
26.6301103,1.341105E-07
26.6426197,1.1269E-07
26.658875,1.1269E-07
26.6809763,1.1269E-07
26.6932273,1.573935E-07
26.7084561,1.573935E-07
26.7287492,1.573935E-07
26.7408626,1.341105E-07
26.7532187,1.341105E-07
26.7650469,1.341105E-07
26.7771656,1.341105E-07
26.788857,1.825392E-07
26.8014863,1.573935E-07
26.8136671,1.573935E-07
26.8373615,1.573935E-07
26.8606547,1.573935E-07
26.8825349,1.341105E-07
26.9046214,1.825392E-07
26.9168533,1.825392E-07
26.929331,1.825392E-07
26.9444914,1.825392E-07
26.9564585,1.573935E-07
26.9760277,1.573935E-07
26.9881824,1.341105E-07
27.0048756,1.341105E-07
27.0275422,1.573935E-07
27.0499263,1.1269E-07
27.0655328,1.573935E-07
27.0785221,1.573935E-07
27.0909988,1.573935E-07
27.1110485,1.825392E-07
27.1227177,1.1269E-07
27.1344024,1.1269E-07
27.1500871,1.1269E-07
27.1727381,1.573935E-07
27.1949886,1.573935E-07
27.2173188,1.573935E-07
27.2297468,1.825392E-07
27.2501566,1.341105E-07
27.2652355,1.341105E-07
27.2783909,1.341105E-07
27.2913866,1.341105E-07
27.3031799,1.825392E-07
27.3151431,1.573935E-07
27.3272262,1.573935E-07
27.3391454,1.341105E-07
27.3585809,1.341105E-07
27.3744205,1.341105E-07
27.3976181,1.341105E-07
27.4184969,1.573935E-07
27.4405918,1.341105E-07
27.4525727,1.341105E-07
27.4653967,1.341105E-07
27.4880392,1.341105E-07
27.5010892,1.825392E-07
27.5128645,1.825392E-07
27.5247939,1.341105E-07
27.5371157,1.341105E-07
27.548732,1.825392E-07
27.5608613,1.825392E-07
27.5731348,1.573935E-07
27.5956836,1.573935E-07
27.619742,1.341105E-07
27.6422125,1.341105E-07
27.6641364,1.341105E-07
27.6866267,1.573935E-07
27.7025265,1.573935E-07
27.7163286,1.341105E-07
27.7282273,1.341105E-07
27.7476865,1.573935E-07
27.7597597,1.573935E-07
27.7758867,1.825392E-07
27.798902,1.573935E-07
27.8204327,1.341105E-07
27.8428144,1.341105E-07
27.8551412,2.095476E-07
27.8676125,1.573935E-07
27.8871841,1.573935E-07
27.9011693,1.573935E-07
27.913319,1.825392E-07
27.9294047,1.825392E-07
27.9416797,1.341105E-07
27.9538178,2.095476E-07
27.9657599,1.341105E-07
27.9879768,1.341105E-07
28.0106991,1.825392E-07
28.0336527,4.107133E-07
28.0462073,7.301569E-07
28.0581236,7.301569E-07
28.0696947,1.799408E-05
28.0817542,1.799408E-05
28.0941779,1.747999E-05
28.1144026,7.543713E-06
28.1282756,6.110407E-06
28.14321,2.42237E-06
28.1556239,2.42237E-06
28.1677419,3.814697E-06
28.1796745,3.814697E-06
28.1916479,1.34483E-06
28.203469,1.01421E-06
28.2229638,1.01421E-06
28.2356002,5.364418E-07
28.248061,5.364418E-07
28.2630302,2.095476E-07
28.2749096,3.72529E-07
28.2872638,3.72529E-07
28.2991294,2.691522E-07
28.3113158,2.691522E-07
28.3323678,1.825392E-07
28.3463903,3.72529E-07
28.3677447,2.384186E-07
28.3902318,2.691522E-07
28.412557,1.573935E-07
28.4249067,1.341105E-07
28.4366492,2.384186E-07
28.4483974,2.384186E-07
28.4681481,2.384186E-07
28.4836516,9.313226E-08
28.4955204,9.313226E-08
28.5079801,1.573935E-07
28.5204747,1.573935E-07
28.5323607,2.384186E-07
28.5450884,2.384186E-07
28.5576959,2.328306E-08
28.5802055,2.328306E-08
28.6024874,1.825392E-07
28.624899,1.573935E-07
28.6370279,1.825392E-07
28.64939,1.825392E-07
28.6612146,1.341105E-07
28.6733697,1.573935E-07
28.6855039,1.573935E-07
28.7065185,1.573935E-07
28.7213982,1.1269E-07
28.7353467,1.1269E-07
28.7488441,1.825392E-07
28.7708851,1.341105E-07
28.792399,1.573935E-07
28.8149097,1.825392E-07
28.83904,1.573935E-07
28.8511587,2.095476E-07
28.8631815,2.095476E-07
28.8754924,1.341105E-07
28.8871027,1.341105E-07
28.898921,1.341105E-07
28.9109854,1.341105E-07
28.9240703,1.341105E-07
28.9468169,1.573935E-07
28.9601032,1.341105E-07
28.982141,2.095476E-07
29.005156,1.341105E-07
29.0267883,1.341105E-07
29.0389331,1.573935E-07
29.0511372,1.825392E-07
29.0663092,1.573935E-07
29.0861383,1.341105E-07
29.0979922,1.341105E-07
29.1098281,1.341105E-07
29.1221951,1.341105E-07
29.1345448,1.341105E-07
29.1465743,1.825392E-07
29.161746,1.573935E-07
29.175717,1.573935E-07
29.1945306,1.573935E-07
29.2169686,1.1269E-07
29.2392565,1.825392E-07
29.2509119,1.573935E-07
29.2654862,1.573935E-07
29.278234,1.341105E-07
29.2902322,1.341105E-07
29.3020342,1.573935E-07
29.3216761,2.095476E-07
29.3344863,2.095476E-07
29.3504961,1.1269E-07
29.3730816,1.573935E-07
29.3971773,1.825392E-07
29.4098888,1.573935E-07
29.4217431,1.573935E-07
29.4338195,1.573935E-07
29.4529387,1.573935E-07
29.4650959,2.095476E-07
29.47713,2.095476E-07
29.4914473,1.573935E-07
29.5037085,1.573935E-07
29.5161714,1.825392E-07
29.5285165,1.825392E-07
29.5520727,1.573935E-07
29.5739518,1.1269E-07
29.5965183,1.1269E-07
29.6186961,1.573935E-07
29.630683,1.341105E-07
29.6435351,1.341105E-07
29.6562018,1.341105E-07
29.6688386,1.573935E-07
29.688572,1.573935E-07
29.7029655,1.573935E-07
29.7148004,1.573935E-07
29.7275031,2.095476E-07
29.7397202,2.095476E-07
29.7518223,1.341105E-07
29.7753775,1.573935E-07
29.7976897,1.341105E-07
29.8197684,1.341105E-07
29.8427104,1.341105E-07
29.8542984,1.573935E-07
29.8664443,1.573935E-07
29.878947,1.573935E-07
29.8909973,1.573935E-07
29.9035092,0.0002226988
29.9165804,0.005531096
29.936462,0.005531096
29.9520247,0.01176346
29.9637147,0.01689333
29.9875646,0.01577796
29.9875646,Stop recording
