0.0401564,1.1269E-07
0.0542223,1.573935E-07
0.0718528,1.573935E-07
0.0846073,1.825392E-07
0.0986277,1.825392E-07
0.120418,1.573935E-07
0.1420115,1.573935E-07
0.1646647,1.825392E-07
0.1782898,1.341105E-07
0.1906427,1.573935E-07
0.2056776,1.341105E-07
0.21759,1.341105E-07
0.2359476,1.573935E-07
0.2559699,1.573935E-07
0.2767281,1.573935E-07
0.2885171,1.573935E-07
0.3135526,1.573935E-07
0.3326567,1.573935E-07
0.3542421,1.341105E-07
0.3665442,1.341105E-07
0.3791619,1.341105E-07
0.3900472,1.573935E-07
0.4123033,1.573935E-07
0.4248843,1.825392E-07
0.4384474,1.825392E-07
0.4516709,1.341105E-07
0.463352,1.573935E-07
0.4778019,1.573935E-07
0.4909679,1.573935E-07
0.5108477,1.341105E-07
0.5228628,1.341105E-07
0.5350873,1.341105E-07
0.5473626,1.341105E-07
0.5644564,1.341105E-07
0.5796087,1.573935E-07
0.5904552,1.341105E-07
0.6163966,1.341105E-07
0.6270188,1.573935E-07
0.6448485,1.573935E-07
0.6679975,1.573935E-07
0.6893357,1.573935E-07
0.7011025,1.1269E-07
0.7145947,1.341105E-07
0.7303038,1.341105E-07
0.7540166,1.341105E-07
0.7663751,1.573935E-07
0.7775569,1.573935E-07
0.8013741,1.573935E-07
0.8235033,1.573935E-07
0.8460972,1.573935E-07
0.8684281,1.573935E-07
0.8934533,1.573935E-07
0.911204,1.341105E-07
0.9216884,1.341105E-07
0.9338886,1.573935E-07
0.948239,1.573935E-07
0.9606719,1.341105E-07
0.9800232,1.341105E-07
1.0025029,1.573935E-07
1.0298042,1.341105E-07
1.0413919,1.341105E-07
1.0525177,1.341105E-07
1.0684264,1.341105E-07
1.0823078,1.573935E-07
1.0986735,1.573935E-07
1.1140536,1.341105E-07
1.14102,1.573935E-07
1.1531479,1.573935E-07
1.1651093,1.341105E-07
1.1813632,1.341105E-07
1.2034483,1.573935E-07
1.2146834,2.095476E-07
1.2276474,2.095476E-07
1.2551874,1.1269E-07
1.2729794,1.573935E-07
1.2842223,1.573935E-07
1.2958914,1.341105E-07
1.3149327,1.341105E-07
1.3375171,1.825392E-07
1.3519914,1.573935E-07
1.374629,1.573935E-07
1.3879294,1.573935E-07
1.3997808,1.573935E-07
1.4106531,1.573935E-07
1.4219333,1.825392E-07
1.4341021,1.825392E-07
1.4516811,1.341105E-07
1.4633182,1.341105E-07
1.4838112,1.341105E-07
1.4960939,1.341105E-07
1.5163405,1.341105E-07
1.5385962,1.341105E-07
1.5609638,1.573935E-07
1.5729922,1.573935E-07
1.5842118,1.573935E-07
1.6073308,1.573935E-07
1.6195285,1.573935E-07
1.6340747,1.573935E-07
1.6480436,1.573935E-07
1.6637407,1.573935E-07
1.6791289,1.573935E-07
1.6904909,1.573935E-07
1.7060198,1.573935E-07
1.7286588,1.341105E-07
1.7403622,1.573935E-07
1.752317,1.573935E-07
1.7674689,1.341105E-07
1.7815785,1.573935E-07
1.7924271,1.573935E-07
1.8073294,1.573935E-07
1.8288066,1.341105E-07
1.8437297,1.341105E-07
1.8543721,1.573935E-07
1.8754617,1.573935E-07
1.8968511,1.573935E-07
1.9092738,1.573935E-07
1.9224814,1.573935E-07
1.9470013,2.095476E-07
1.9576923,1.341105E-07
1.9715262,1.341105E-07
1.9840779,1.341105E-07
2.0078306,1.341105E-07
2.0304492,1.1269E-07
2.0533968,1.341105E-07
2.0751779,1.825392E-07
2.1002546,1.573935E-07
2.1116847,1.341105E-07
2.1226046,1.341105E-07
2.1348347,1.341105E-07
2.1472856,1.573935E-07
2.158222,1.573935E-07
2.1700181,1.341105E-07
2.1892329,1.341105E-07
2.2027628,1.341105E-07
2.2219441,1.573935E-07
2.2350128,1.341105E-07
2.2463438,1.341105E-07
2.257526,1.1269E-07
2.273258,1.1269E-07
2.2841845,1.1269E-07
2.3079936,1.1269E-07
2.3190682,1.573935E-07
2.3377671,1.573935E-07
2.3501271,1.341105E-07
2.3655043,1.573935E-07
2.3878469,1.573935E-07
2.4102419,1.341105E-07
2.4326437,1.341105E-07
2.4474349,1.573935E-07
2.4581936,1.573935E-07
2.4758251,1.573935E-07
2.4873903,1.341105E-07
2.4996532,1.341105E-07
2.5118196,2.095476E-07
2.533575,2.095476E-07
2.5552687,1.573935E-07
2.5687517,1.573935E-07
2.5798355,1.573935E-07
2.5913583,1.573935E-07
2.6062066,1.573935E-07
2.6167245,1.341105E-07
2.6304406,1.341105E-07
2.65124,1.341105E-07
2.6688691,1.825392E-07
2.6822069,1.573935E-07
2.6936429,1.573935E-07
2.7120404,1.825392E-07
2.73483,1.825392E-07
2.7510232,1.825392E-07
2.7785792,1.573935E-07
2.7901693,4.107133E-07
2.8028699,4.107133E-07
2.8164506,3.72529E-07
2.826936,3.72529E-07
2.8390974,1.825392E-07
2.8500352,8.381903E-07
2.8740308,8.381903E-07
2.8893118,7.832423E-07
2.9031365,7.832423E-07
2.9147034,9.536743E-07
2.9350145,9.536743E-07
2.9578232,4.056841E-06
2.970108,3.465451E-06
2.9830451,3.814697E-06
3.0085824,3.814697E-06
3.0207078,3.465451E-06
3.0333336,3.465451E-06
3.0470201,7.712282E-06
3.0578154,1.525879E-05
3.0696976,1.525879E-05
3.0914205,1.93119E-05
3.1164948,7.882714E-06
3.1269022,1.106504E-05
3.1436963,1.106504E-05
3.1571201,2.72328E-05
3.1721472,1.296774E-05
3.1860583,1.296774E-05
3.2035865,4.225317E-05
3.2272528,2.884865E-05
3.2403148,2.819672E-05
3.2519282,2.384186E-05
3.2678757,2.384186E-05
3.2820015,3.837887E-05
3.2933082,3.837887E-05
3.3064678,3.222004E-05
3.3259503,2.444163E-05
3.3495654,2.444163E-05
3.3648816,2.295617E-05
3.3777497,2.295617E-05
3.3885211,7.882714E-06
3.4049368,3.352761E-06
3.4192153,3.352761E-06
3.4362696,1.642853E-06
3.4578219,1.34483E-06
3.4734788,7.832423E-07
3.4879597,7.832423E-07
3.505299,5.820766E-07
3.5333359,1.825392E-07
3.5545003,2.095476E-07
3.5682509,2.095476E-07
3.5847792,1.1269E-07
3.6044224,1.573935E-07
3.6165725,1.573935E-07
3.6391047,1.573935E-07
3.6613492,1.341105E-07
3.694089,1.341105E-07
3.7081926,1.341105E-07
3.7322714,1.573935E-07
3.7655232,1.825392E-07
3.7915184,1.341105E-07
3.8228365,1.341105E-07
3.8534119,1.341105E-07
3.8843706,1.825392E-07
3.9119283,1.1269E-07
3.9244681,1.341105E-07
3.952206,1.341105E-07
3.972705,1.341105E-07
4.0036725,1.341105E-07
4.0171753,1.573935E-07
4.0316791,1.573935E-07
4.0608723,1.573935E-07
4.0966167,1.573935E-07
4.1258603,1.341105E-07
4.1386722,1.573935E-07
4.1540894,1.341105E-07
4.1817991,1.341105E-07
4.222746,1.573935E-07
4.2430775,1.341105E-07
4.2644225,1.341105E-07
4.2776869,1.573935E-07
4.3007854,2.095476E-07
4.32004,2.691522E-07
4.3332762,2.691522E-07
4.3522706,5.364418E-07
4.3648915,3.362074E-07
4.3871533,3.362074E-07
4.410067,5.364418E-07
4.436276,3.362074E-07
4.4507188,4.107133E-07
4.467387,4.107133E-07
4.4801838,2.691522E-07
4.4917257,2.095476E-07
4.5101372,2.095476E-07
4.532534,4.107133E-07
4.5545218,3.72529E-07
4.5719725,2.691522E-07
4.5861635,4.107133E-07
4.5996437,4.107133E-07
4.6149205,5.364418E-07
4.6272367,2.384186E-07
4.6479938,4.926696E-07
4.6697299,3.72529E-07
4.6831543,3.017485E-07
4.6944102,3.017485E-07
4.7109395,2.384186E-07
4.7226443,2.384186E-07
4.7381858,1.341105E-07
4.7499823,1.573935E-07
4.7631427,1.573935E-07
4.7859612,1.341105E-07
4.7993257,1.573935E-07
4.8123581,1.573935E-07
4.827777,1.573935E-07
4.8453221,1.573935E-07
4.8680448,1.825392E-07
4.8804241,1.573935E-07
4.9047818,1.573935E-07
4.9168522,1.341105E-07
4.9278585,1.341105E-07
4.9437992,1.341105E-07
4.9584878,1.341105E-07
4.9756998,1.341105E-07
4.9891937,1.341105E-07
5.0028795,1.341105E-07
5.0242618,1.341105E-07
5.0459805,1.573935E-07
5.0688083,1.341105E-07
5.0803332,1.573935E-07
5.0932947,1.573935E-07
5.1101586,1.573935E-07
5.132561,1.573935E-07
5.1541144,1.573935E-07
5.1693087,1.1269E-07
5.1813057,1.1269E-07
5.2027614,1.341105E-07
5.22533,1.341105E-07
5.2500526,1.573935E-07
5.2615783,1.341105E-07
5.2864565,1.341105E-07
5.3017364,1.1269E-07
5.3153576,1.1269E-07
5.3266315,1.825392E-07
5.3478813,1.573935E-07
5.3710302,1.573935E-07
5.3931693,1.1269E-07
5.4191398,1.573935E-07
5.4332456,1.341105E-07
5.4452762,1.341105E-07
5.4561562,1.573935E-07
5.4679773,1.573935E-07
5.4821909,1.341105E-07
5.5045165,1.1269E-07
5.5264281,1.573935E-07
5.5522333,1.573935E-07
5.5642614,1.341105E-07
5.5759221,1.341105E-07
5.5868543,2.095476E-07
5.5980175,1.573935E-07
5.6126038,1.573935E-07
5.6230864,1.573935E-07
5.650399,1.573935E-07
5.6625918,5.364418E-07
5.6764934,5.364418E-07
5.6868649,2.095476E-07
5.6988934,2.095476E-07
5.7100654,1.825392E-07
5.7206904,1.825392E-07
5.7376086,3.72529E-07
5.7575406,1.573935E-07
5.7710684,2.095476E-07
5.786653,2.095476E-07
5.8072427,4.926696E-07
5.8295193,1.885928E-06
5.8560526,4.507601E-07
5.8890964,2.384186E-07
5.9126896,5.820766E-07
5.9253898,2.920628E-06
5.9383122,2.920628E-06
5.9559529,3.017485E-07
5.9891778,6.295741E-07
6.0019595,2.691522E-07
6.0191563,2.095476E-07
6.050451,2.691522E-07
6.081591,2.095476E-07
6.1151915,1.573935E-07
6.1319133,1.341105E-07
6.1466072,1.573935E-07
6.1635994,1.341105E-07
6.1856112,1.341105E-07
6.2096114,1.341105E-07
6.2215799,1.573935E-07
6.2355146,1.573935E-07
6.2510121,1.573935E-07
6.2637783,1.341105E-07
6.2775575,1.341105E-07
6.2926611,2.095476E-07
6.3085504,1.341105E-07
6.3382365,1.341105E-07
6.3511236,1.341105E-07
6.3666415,1.341105E-07
6.386369,1.341105E-07
6.4089369,1.341105E-07
6.4311613,1.573935E-07
6.4451704,1.1269E-07
6.469087,1.341105E-07
6.4813743,1.573935E-07
6.4967166,1.573935E-07
6.5123753,1.1269E-07
6.5260617,1.341105E-07
6.5389256,1.341105E-07
6.5541184,1.341105E-07
6.5819508,1.573935E-07
6.5991765,1.573935E-07
6.6209411,1.573935E-07
6.6446218,1.341105E-07
6.6549189,1.573935E-07
6.6739316,1.573935E-07
6.6875388,1.341105E-07
6.7059344,1.573935E-07
6.7369157,1.341105E-07
6.7505909,9.313226E-08
6.7695557,9.313226E-08
6.7860582,1.573935E-07
6.803439,1.341105E-07
6.8367317,1.341105E-07
6.8653532,1.573935E-07
6.8977961,1.341105E-07
6.929831,1.573935E-07
6.9447502,1.573935E-07
6.9674432,1.573935E-07
6.9896944,1.341105E-07
7.0118183,1.341105E-07
7.0287802,1.1269E-07
7.0559222,1.341105E-07
7.0721934,1.341105E-07
7.0857631,1.341105E-07
7.1026718,1.341105E-07
7.1178079,1.1269E-07
7.1475243,1.1269E-07
7.1690421,1.573935E-07
7.1957056,3.362074E-07
7.2270645,4.926696E-07
7.2730235,2.42237E-06
7.2852096,5.521812E-06
7.3189057,8.405186E-06
7.3668037,1.066271E-05
7.3809081,4.056841E-06
7.4047481,4.827976E-06
7.4387975,8.762814E-06
7.4747874,8.762814E-06
7.4866223,1.14087E-06
7.4979289,1.14087E-06
7.5124063,1.076609E-06
7.5305573,1.722015E-06
7.5465551,1.01421E-06
7.567569,1.01421E-06
7.5818771,1.076609E-06
7.6041636,1.076609E-06
7.6271411,8.95001E-07
7.6481853,4.926696E-07
7.6611348,4.107133E-07
7.6752511,9.536743E-07
7.6999452,9.536743E-07
7.7116095,1.825392E-07
7.7224401,1.825392E-07
7.7345172,2.095476E-07
7.7511696,2.095476E-07
7.77153,2.095476E-07
7.7937399,9.313226E-08
7.8158758,1.573935E-07
7.8386795,1.573935E-07
7.8525695,1.341105E-07
7.8639784,1.341105E-07
7.8768644,1.341105E-07
7.8898231,1.341105E-07
7.9017807,1.341105E-07
7.9138934,1.341105E-07
7.9378509,1.341105E-07
7.9521333,1.573935E-07
7.9689373,1.573935E-07
7.9845818,1.573935E-07
8.0070799,1.573935E-07
8.0290757,1.825392E-07
8.0408803,1.573935E-07
8.0623719,2.095476E-07
8.084297,1.825392E-07
8.0989038,1.573935E-07
8.1105821,1.573935E-07
8.1213598,1.341105E-07
8.1377502,1.341105E-07
8.1505392,2.095476E-07
8.1636262,1.573935E-07
8.1846313,1.573935E-07
8.1968431,1.573935E-07
8.2190537,1.825392E-07
8.2411695,1.825392E-07
8.2638939,1.573935E-07
8.2789732,1.825392E-07
8.2917559,1.341105E-07
8.3169536,1.341105E-07
8.3279877,1.825392E-07
8.3402676,1.825392E-07
8.3520661,1.341105E-07
8.3752232,1.341105E-07
8.3977473,1.341105E-07
8.4208077,1.341105E-07
8.4445353,1.573935E-07
8.4558328,1.825392E-07
8.4673122,9.313226E-08
8.4784341,1.341105E-07
8.4896029,1.341105E-07
8.5014706,1.573935E-07
8.5122321,1.573935E-07
8.5227574,1.825392E-07
8.5518941,1.573935E-07
8.5637043,1.573935E-07
8.5749482,1.573935E-07
8.5874185,1.573935E-07
8.6100773,1.825392E-07
8.6322597,1.341105E-07
8.6546195,1.573935E-07
8.6780386,1.573935E-07
8.6918816,1.825392E-07
8.7032986,1.825392E-07
8.7159682,6.295741E-07
8.72835,6.295741E-07
8.7444663,1.573935E-07
8.7645669,1.573935E-07
8.8022599,1.341105E-07
8.8202782,1.573935E-07
8.8346315,1.341105E-07
8.8559338,1.573935E-07
8.8783218,1.573935E-07
8.9115722,1.573935E-07
8.924888,1.825392E-07
8.9455383,1.825392E-07
8.9855815,1.341105E-07
9.0019972,1.573935E-07
9.0145465,1.1269E-07
9.0261413,1.1269E-07
9.0574695,1.341105E-07
9.0728581,1.341105E-07
9.1053718,2.095476E-07
9.1284862,1.1269E-07
9.1497218,1.1269E-07
9.1623681,1.573935E-07
9.1802595,1.573935E-07
9.2197071,1.341105E-07
9.255094,1.825392E-07
9.2674169,1.825392E-07
9.2899742,1.341105E-07
9.3044131,1.573935E-07
9.3380556,1.825392E-07
9.3741512,1.573935E-07
9.391093,1.1269E-07
9.41334,1.341105E-07
9.4453992,1.341105E-07
9.4724167,1.573935E-07
9.4841127,1.341105E-07
9.5151338,1.341105E-07
9.5465805,1.573935E-07
9.5802713,1.573935E-07
9.6035306,1.573935E-07
9.6261944,1.341105E-07
9.6554302,1.573935E-07
9.6834601,1.341105E-07
9.6954413,1.341105E-07
9.7063368,1.573935E-07
9.7268358,1.573935E-07
9.7554845,1.573935E-07
9.7706326,1.341105E-07
9.7895057,1.341105E-07
9.8215469,1.341105E-07
9.8344069,2.095476E-07
9.8498945,2.095476E-07
9.8721358,1.573935E-07
9.8944018,1.341105E-07
9.9254522,1.573935E-07
9.9371598,1.341105E-07
9.9576172,1.573935E-07
9.9714821,1.825392E-07
9.9842606,1.825392E-07
10.006003,1.573935E-07
10.0281928,1.573935E-07
10.0518238,1.341105E-07
10.0643671,1.573935E-07
10.0847927,1.573935E-07
10.1105295,1.1269E-07
10.1259431,1.1269E-07
10.1450264,1.1269E-07
10.1753307,1.341105E-07
10.2074646,1.573935E-07
10.2368221,1.573935E-07
10.2665156,1.573935E-07
10.2966457,1.573935E-07
10.3261474,1.825392E-07
10.3556716,1.825392E-07
10.3688017,1.341105E-07
10.3851691,1.573935E-07
10.4121323,1.573935E-07
10.4394911,1.573935E-07
10.4596612,1.341105E-07
10.4769799,1.341105E-07
10.4893028,1.341105E-07
10.5017428,1.341105E-07
10.5267028,1.1269E-07
10.5434123,1.573935E-07
10.5614701,1.573935E-07
10.5876202,1.573935E-07
10.6010136,1.341105E-07
10.6262085,1.341105E-07
10.6391001,1.341105E-07
10.6543043,1.341105E-07
10.6869622,1.1269E-07
10.7019654,1.341105E-07
10.722079,1.573935E-07
10.7549933,1.1269E-07
10.7872225,1.573935E-07
10.8049048,1.341105E-07
10.8211767,1.573935E-07
10.832763,1.341105E-07
10.8456716,1.341105E-07
10.8586616,1.341105E-07
10.8831572,1.341105E-07
10.894911,1.573935E-07
10.9088701,1.573935E-07
10.922516,1.341105E-07
10.9366975,1.573935E-07
10.9544571,1.573935E-07
10.9703403,1.573935E-07
10.9940792,1.341105E-07
11.0168389,1.341105E-07
11.0492465,1.825392E-07
11.0780091,1.573935E-07
11.1183728,1.573935E-07
11.1482945,1.573935E-07
11.163208,1.573935E-07
11.1842342,1.825392E-07
11.1967881,1.825392E-07
11.2303329,1.573935E-07
11.2424439,1.825392E-07
11.2576921,1.825392E-07
11.3021973,1.341105E-07
11.3241985,1.573935E-07
11.3522615,1.573935E-07
11.370721,1.573935E-07
11.3915733,1.573935E-07
11.4060366,1.341105E-07
11.4194533,1.341105E-07
11.4364667,1.573935E-07
11.4486659,1.573935E-07
11.4724855,1.573935E-07
11.5109571,1.341105E-07
11.5473545,2.691522E-07
11.5595663,6.789342E-07
11.5815372,5.238689E-06
11.629699,1.803041E-06
11.6693744,5.960464E-06
11.6871192,1.573935E-07
11.7141804,1.573935E-07
11.7583897,1.573935E-07
11.7828487,1.341105E-07
11.8054267,3.362074E-07
11.8500204,1.007318E-05
11.8695339,6.789342E-07
11.8839432,6.571412E-06
11.9073961,2.328306E-06
11.9337824,1.803041E-06
11.9466597,3.814697E-06
11.9601289,1.565553E-06
11.9825857,1.565553E-06
12.0112002,4.694797E-06
12.0509387,3.72529E-07
12.0890079,4.507601E-07
12.10746,4.507601E-07
12.1273712,1.825392E-07
12.1415676,2.095476E-07
12.1662754,1.825392E-07
12.2071212,1.573935E-07
12.2208616,1.803041E-06
12.2351306,1.825392E-07
12.2552086,1.825392E-07
12.2683799,1.573935E-07
12.2900556,1.825392E-07
12.3213313,1.341105E-07
12.3590007,1.573935E-07
12.3753484,1.341105E-07
12.396048,1.825392E-07
12.4234157,1.573935E-07
12.4405959,1.1269E-07
12.4537619,1.825392E-07
12.4658344,1.825392E-07
12.4815488,2.095476E-07
12.4976874,1.573935E-07
12.51763,1.341105E-07
12.5430681,1.341105E-07
12.5540997,1.573935E-07
12.5781267,1.573935E-07
12.5981708,1.825392E-07
12.6194731,1.825392E-07
12.6385765,1.573935E-07
12.6500598,1.573935E-07
12.6748245,1.825392E-07
12.6868977,1.341105E-07
12.7042972,1.341105E-07
12.7376964,1.341105E-07
12.7504375,1.341105E-07
12.7691759,1.341105E-07
12.7828712,1.341105E-07
12.8070565,1.825392E-07
12.8318501,1.825392E-07
12.8478853,1.1269E-07
12.8651075,2.691522E-07
12.8873703,1.1269E-07
12.9127904,1.341105E-07
12.9233852,1.573935E-07
12.9535773,1.341105E-07
12.9838713,1.341105E-07
13.0119505,1.341105E-07
13.0402586,1.1269E-07
13.0578623,1.1269E-07
13.0769657,1.341105E-07
13.0898884,1.341105E-07
13.1155247,1.341105E-07
13.1409061,1.573935E-07
13.1573356,1.573935E-07
13.1711088,1.341105E-07
13.1881038,1.341105E-07
13.201377,1.341105E-07
13.2172124,1.341105E-07
13.2298343,1.1269E-07
13.2494877,1.573935E-07
13.2790416,1.341105E-07
13.312822,1.341105E-07
13.3423,1.573935E-07
13.3548289,1.1269E-07
13.3752228,1.1269E-07
13.4140498,1.573935E-07
13.4347044,1.825392E-07
13.4569957,1.825392E-07
13.4876928,3.362074E-07
13.5263036,4.107133E-07
13.5588632,1.573935E-07
13.5706988,1.573935E-07
13.5917102,1.341105E-07
13.6135192,2.691522E-07
13.6410342,1.825392E-07
13.6534672,1.341105E-07
13.6743844,1.341105E-07
13.6873424,1.341105E-07
13.7086623,1.825392E-07
13.737092,1.573935E-07
13.7703646,1.825392E-07
13.7947713,1.1269E-07
13.8081422,1.825392E-07
13.8254554,1.573935E-07
13.8483247,1.341105E-07
13.8791903,1.573935E-07
13.8902938,1.573935E-07
13.9101469,1.1269E-07
13.9246112,1.573935E-07
13.945527,1.573935E-07
13.9728372,1.573935E-07
14.0024602,1.341105E-07
14.0293758,1.573935E-07
14.0455006,1.573935E-07
14.0652433,1.825392E-07
14.103693,1.825392E-07
14.130391,1.341105E-07
14.1477733,1.341105E-07
14.1592139,1.341105E-07
14.1735658,1.341105E-07
14.1903102,1.341105E-07
14.2258973,1.341105E-07
14.2401832,2.384186E-07
14.2641707,2.384186E-07
14.2779961,2.095476E-07
14.3062527,1.825392E-07
14.3414301,1.1269E-07
14.3601037,7.301569E-07
14.374093,4.107133E-07
14.3961827,4.107133E-07
14.4277814,1.825392E-07
14.4681892,1.825392E-07
14.4847051,1.086295E-05
14.5116348,1.086295E-05
14.5519943,0.0001580864
14.5652495,0.001561851
14.5985034,0.001561851
14.6205444,0.0009462833
14.6425251,0.002797031
14.6842288,0.001223121
14.6994766,0.005732627
14.7201128,0.004935268
14.7578382,0.0008246684
14.7970503,0.004556909
14.8137851,0.0005651647
14.8398301,4.507601E-07
14.8546954,4.507601E-07
14.8740276,1.825392E-07
14.9111247,4.306436E-06
14.9451374,0.000942532
14.9637972,0.0002586553
14.9777707,0.0005169073
14.9994986,0.0002365708
15.0214617,0.0006760508
15.0491876,0.0008907951
15.0650829,0.000719578
15.0815004,0.0006035203
15.0951149,0.007897377
15.1149679,0.007897377
15.1448226,0.004365318
15.1775687,3.72529E-07
15.1899212,1.825392E-07
15.2115871,1.274981E-06
15.2340241,6.941054E-05
15.2488809,0.001003448
15.263713,0.0008547343
15.28785,0.0008547343
15.2988601,0.003643785
15.3136231,0.0004143352
15.3343863,0.0004143352
15.3571526,0.008303855
15.3786859,0.0005593756
15.4018115,0.0004589595
15.4127518,0.001298972
15.4349413,0.001298972
15.4487293,0.003232406
15.4614838,4.434027E-06
15.4789317,4.434027E-06
15.4964462,3.017485E-07
15.5093953,2.236106E-06
15.5209953,0.002157394
15.5434722,0.002157394
15.5554189,0.007322446
15.5676046,0.001112604
15.5868194,0.0002973014
15.6052013,0.0002973014
15.624524,0.0001811245
15.647235,0.0003209049
15.6700141,0.003640101
15.6867175,0.003369156
15.6985105,0.0002547437
15.7132833,1.274981E-06
15.7282304,1.274981E-06
15.7453429,1.416542E-06
15.7588365,1.885928E-06
15.7810845,1.885928E-06
15.8033322,1.803041E-06
15.8256846,1.076609E-06
15.8428038,0.0004243338
15.8566792,0.0004243338
15.8716097,0.0004537441
15.8901341,0.0002236106
15.9022095,0.0004255921
15.924321,0.0004255921
15.9429769,5.914271E-05
15.9545054,2.145767E-06
15.9774287,2.145767E-06
15.9931783,2.817251E-06
16.0153783,2.817251E-06
16.0405076,4.694797E-06
16.0710879,8.381903E-07
16.0843774,1.341105E-07
16.1063267,1.341105E-07
16.1198979,1.1269E-07
16.1343143,1.1269E-07
16.1508224,1.825392E-07
16.1720108,1.825392E-07
16.2033831,1.573935E-07
16.2359758,1.825392E-07
16.2492818,1.825392E-07
16.2630321,2.095476E-07
16.2959362,1.1269E-07
16.3310382,1.825392E-07
16.3508376,1.341105E-07
16.3731251,1.573935E-07
16.3977286,1.825392E-07
16.4179261,1.573935E-07
16.4365165,1.825392E-07
16.4513443,6.295741E-07
16.4688669,1.803041E-06
16.4809049,1.046434E-05
16.5048561,1.046434E-05
16.538159,5.666167E-06
16.5548776,1.34483E-06
16.5741968,1.34483E-06
16.5968295,2.384186E-07
16.6188578,1.825392E-07
16.6420456,1.573935E-07
16.6527048,1.573935E-07
16.6769303,1.573935E-07
16.6932413,1.341105E-07
16.7103834,1.341105E-07
16.7257335,1.341105E-07
16.7390254,1.341105E-07
16.753018,1.573935E-07
16.772261,1.573935E-07
16.7851516,1.825392E-07
16.8087314,1.825392E-07
16.8402282,1.573935E-07
16.8533435,1.573935E-07
16.8656357,9.313226E-08
16.87866,9.313226E-08
16.8979911,1.341105E-07
16.9201922,1.1269E-07
16.9449216,1.573935E-07
16.9568654,1.825392E-07
16.9761398,1.825392E-07
16.9878058,2.691522E-07
17.0025678,2.691522E-07
17.0163671,4.926696E-07
17.027271,4.926696E-07
17.0467161,4.926696E-07
17.0653512,1.565553E-06
17.0820589,1.565553E-06
17.0960204,2.920628E-06
17.1126523,4.107133E-07
17.1324337,7.301569E-07
17.1548743,8.95001E-07
17.1794499,6.789342E-07
17.2015509,4.507601E-07
17.2167265,3.017485E-07
17.2342794,1.573935E-07
17.2466474,1.573935E-07
17.2570443,2.095476E-07
17.2711892,2.095476E-07
17.2834448,2.095476E-07
17.3051526,1.573935E-07
17.3175636,1.573935E-07
17.3325526,1.573935E-07
17.3476782,1.573935E-07
17.3669896,1.341105E-07
17.3894474,1.573935E-07
17.4117902,1.573935E-07
17.4328087,1.573935E-07
17.4456679,1.573935E-07
17.4595201,1.573935E-07
17.4754193,1.573935E-07
17.4895017,1.825392E-07
17.5037351,1.573935E-07
17.5186043,1.573935E-07
17.5437804,1.341105E-07
17.5660788,3.153086E-05
17.5808274,0.0003661299
17.5919948,0.0007560486
17.6130449,0.0007560486
17.6382264,0.0006712982
17.6665905,0.01400605
17.6799399,0.001899138
17.7045709,0.001899138
17.7166949,0.002745622
17.7318409,0.004333117
17.7487446,0.01136311
17.7668882,0.000698451
17.7799484,0.001528264
17.795771,0.001528264
17.8253305,0.0007476807
17.8504774,0.001791649
17.8641773,4.926696E-07
17.8818321,1.274981E-06
17.9103754,3.222004E-05
17.9259505,0.000997656
17.9389518,0.001009257
17.951249,0.0003176332
17.9741923,0.0003176332
17.9855702,9.417906E-05
17.9974368,0.001277068
18.0132644,0.001277068
18.0275443,0.0001302697
18.0392399,3.990624E-05
18.0572449,3.990624E-05
18.0773832,2.504885E-05
18.0892971,2.328306E-06
18.1011866,1.416542E-06
18.1154838,1.416542E-06
18.1266011,2.755225E-05
18.1485716,5.544722E-05
18.1710756,5.544722E-05
18.1930627,0.000326395
18.2051864,0.001212471
18.216943,0.0008744756
18.2301086,0.0005782992
18.2430454,0.0005782992
18.2561607,1.799408E-05
18.270094,1.799408E-05
18.2871324,2.039969E-05
18.311786,2.755225E-05
18.3239897,5.379319E-06
18.3384957,5.379319E-06
18.3606181,7.377006E-06
18.3831789,1.416542E-06
18.3948199,3.362074E-07
18.4087941,1.825392E-07
18.4282592,2.095476E-07
18.4415314,3.017485E-07
18.4527467,3.017485E-07
18.4666169,1.825392E-07
18.4838461,1.825392E-07
18.4953657,1.341105E-07
18.5093188,1.341105E-07
18.5244439,1.341105E-07
18.5466891,1.825392E-07
18.5579263,1.573935E-07
18.5712041,1.825392E-07
18.5840309,1.825392E-07
18.606665,3.352761E-06
18.6290858,8.583069E-06
18.6517862,1.970679E-06
18.6752688,2.095476E-07
18.6876407,3.017485E-07
18.7017485,6.295741E-07
18.7149124,6.295741E-07
18.7298281,7.832423E-07
18.7464131,7.832423E-07
18.7571531,7.832423E-07
18.7800683,7.301569E-07
18.7972594,2.095476E-07
18.8150595,1.825392E-07
18.8275369,1.825392E-07
18.8423531,2.384186E-07
18.8560195,5.364418E-07
18.8748887,5.364418E-07
18.9040025,7.377006E-06
18.9343621,6.262213E-06
18.9476082,6.262213E-06
18.9671604,6.295741E-07
18.9789907,1.825392E-07
18.9977017,1.825392E-07
19.0219546,2.616085E-06
19.050963,4.694797E-06
19.0743084,1.799408E-05
19.0868164,2.616085E-06
19.1050439,4.107133E-07
19.1200125,4.107133E-07
19.1435017,6.295741E-07
19.1559582,1.106504E-05
19.171741,1.106504E-05
19.1992416,3.017485E-07
19.2117613,1.341105E-07
19.2315117,1.341105E-07
19.2505326,1.341105E-07
19.2656898,1.341105E-07
19.2913913,1.341105E-07
19.3182685,1.573935E-07
19.3324645,3.017485E-07
19.3546504,9.536743E-07
19.3783445,1.565553E-06
19.3904037,1.01421E-06
19.4019886,3.72529E-07
19.4219241,3.72529E-07
19.4445508,1.01421E-06
19.4589736,4.107133E-07
19.4816162,2.384186E-07
19.4942088,1.573935E-07
19.5099482,1.573935E-07
19.522538,2.691522E-07
19.5346607,2.095476E-07
19.5462561,2.095476E-07
19.5609412,3.72529E-07
19.5818447,5.364418E-07
19.5941951,6.789342E-07
19.605976,6.789342E-07
19.6195648,6.789342E-07
19.6360126,1.573935E-07
19.6508402,1.01421E-06
19.6689016,7.094443E-05
19.6913217,0.0001089312
19.7123665,6.589666E-05
19.7232148,0.0001394833
19.7402973,0.0001394833
19.751939,3.222004E-05
19.7681407,3.222004E-05
19.7864979,0.0003684694
19.8012641,0.0003696419
19.820573,0.00500843
19.8350934,0.001630121
19.8578672,0.001630121
19.8806223,0.0006323457
19.9025861,0.0001945058
19.9214267,3.465451E-06
19.934201,3.465451E-06
19.9559271,4.107133E-07
19.9696619,0.0002450952
19.9839122,3.256742E-05
20.0059659,3.256742E-05
20.024935,2.691522E-07
20.0474496,2.691522E-07
20.0587541,0.001377106
20.0811294,0.001377106
20.1011348,0.01003788
20.1124107,0.001393006
20.1276205,0.001393006
20.1389103,0.003436805
20.1593719,0.007913657
20.1829369,0.001180802
20.203973,0.0006231703
20.2293516,0.0001076609
20.2426681,0.0005564922
20.2552615,0.0005564922
20.2666718,3.362074E-07
20.2810237,9.536743E-07
20.2928892,9.536743E-07
20.3163862,3.72529E-07
20.3426675,1.34483E-06
20.35357,1.076609E-06
20.3741364,1.341105E-07
20.3939098,1.573935E-07
20.415888,1.573935E-07
20.4352996,1.573935E-07
20.4518796,1.341105E-07
20.4841511,1.1269E-07
20.5055007,1.573935E-07
20.5346483,2.095476E-07
20.561291,1.573935E-07
20.5889027,1.573935E-07
20.6064785,1.341105E-07
20.628778,1.341105E-07
20.6505556,1.573935E-07
20.6735124,1.573935E-07
20.6841893,1.341105E-07
20.6964875,1.341105E-07
20.7139558,1.573935E-07
20.7249899,1.573935E-07
20.7369623,1.341105E-07
20.7506022,1.573935E-07
20.7782914,1.573935E-07
20.7916249,1.341105E-07
20.8071224,1.341105E-07
20.8294226,1.573935E-07
20.8596779,1.341105E-07
20.8749575,1.573935E-07
20.8911556,1.573935E-07
20.9186439,1.341105E-07
20.9341432,1.573935E-07
20.952615,1.341105E-07
20.9643131,1.573935E-07
20.9843473,1.573935E-07
20.9973311,1.573935E-07
21.0099604,1.341105E-07
21.0212268,1.573935E-07
21.0421349,1.573935E-07
21.0528453,1.573935E-07
21.0676982,1.573935E-07
21.0826058,1.573935E-07
21.0943014,1.341105E-07
21.1071663,1.341105E-07
21.1271681,1.573935E-07
21.1512797,1.825392E-07
21.1637902,1.825392E-07
21.1873394,1.825392E-07
21.2185534,1.341105E-07
21.2338971,2.691522E-07
21.254295,1.573935E-07
21.2794598,1.1269E-07
21.2997081,7.301569E-07
21.318485,3.025867E-06
21.3383144,7.301569E-07
21.3550013,5.364418E-07
21.3739234,5.364418E-07
21.3881166,1.722015E-06
21.4105734,3.696419E-06
21.4330654,1.722015E-06
21.45658,3.72529E-07
21.4698543,3.017485E-07
21.4842802,3.017485E-07
21.499101,3.362074E-07
21.5307621,8.95001E-07
21.5479191,1.803041E-06
21.5630329,4.180707E-06
21.5905021,4.180707E-06
21.6212937,3.72529E-07
21.6326321,5.820766E-07
21.6507622,5.820766E-07
21.6802918,1.825392E-07
21.6933933,1.573935E-07
21.7120587,1.573935E-07
21.7384175,1.573935E-07
21.7563375,1.825392E-07
21.7762477,1.573935E-07
21.791492,1.825392E-07
21.8277114,1.825392E-07
21.8417893,2.095476E-07
21.857358,2.095476E-07
21.8886372,3.72529E-07
21.9237769,1.076609E-06
21.9525543,1.01421E-06
21.9816618,3.72529E-07
22.012623,4.926696E-07
22.046421,1.825392E-07
22.0749015,1.341105E-07
22.1060492,1.573935E-07
22.1406331,1.341105E-07
22.1588878,1.573935E-07
22.1817014,1.573935E-07
22.204362,1.573935E-07
22.2257023,1.825392E-07
22.2433251,1.1269E-07
22.2571272,1.1269E-07
22.281669,1.573935E-07
22.3043913,1.341105E-07
22.3205996,1.341105E-07
22.3389484,1.341105E-07
22.3644514,1.1269E-07
22.3928283,1.573935E-07
22.4100342,1.1269E-07
22.4311634,1.341105E-07
22.4436249,1.573935E-07
22.4596746,2.095476E-07
22.4831151,1.825392E-07
22.5102871,1.825392E-07
22.5221064,1.825392E-07
22.5357654,1.825392E-07
22.551009,1.573935E-07
22.5733604,1.573935E-07
22.587921,1.573935E-07
22.604891,1.341105E-07
22.6276835,1.341105E-07
22.6496314,1.341105E-07
22.6722116,1.341105E-07
22.6882666,1.341105E-07
22.7106366,1.341105E-07
22.7234123,1.1269E-07
22.7372567,1.825392E-07
22.7489135,1.341105E-07
22.7618147,1.341105E-07
22.7799269,1.341105E-07
22.7904525,1.573935E-07
22.8161265,1.573935E-07
22.828898,1.573935E-07
22.8505134,1.341105E-07
22.8746831,1.341105E-07
22.8961836,1.573935E-07
22.9082188,1.825392E-07
22.9192423,1.341105E-07
22.9344316,1.341105E-07
22.9618634,1.825392E-07
22.9749399,1.341105E-07
22.9897367,1.1269E-07
23.0016171,1.1269E-07
23.013117,1.573935E-07
23.0240093,1.573935E-07
23.0353453,1.573935E-07
23.0611748,1.573935E-07
23.0799471,1.573935E-07
23.0911522,1.341105E-07
23.1083606,1.341105E-07
23.1193647,1.573935E-07
23.1417703,1.573935E-07
23.1639799,1.341105E-07
23.1861137,1.825392E-07
23.2004923,9.313226E-08
23.2180893,9.313226E-08
23.2310603,1.573935E-07
23.2419823,1.341105E-07
23.2546416,1.341105E-07
23.2680389,1.341105E-07
23.2788498,1.341105E-07
23.3007068,1.341105E-07
23.3167656,1.341105E-07
23.3285776,1.341105E-07
23.3460371,1.573935E-07
23.3649313,1.1269E-07
23.3872954,1.573935E-07
23.4094418,1.825392E-07
23.4344984,1.341105E-07
23.4507259,1.1269E-07
23.4630992,1.573935E-07
23.4799254,1.573935E-07
23.4918082,1.825392E-07
23.5096372,1.341105E-07
23.5323126,1.341105E-07
23.5550067,1.573935E-07
23.5701882,1.573935E-07
23.5807114,1.1269E-07
23.5943471,1.1269E-07
23.609853,1.1269E-07
23.6231513,1.573935E-07
23.634422,1.825392E-07
23.6462547,1.825392E-07
23.6671903,1.573935E-07
23.6819163,1.341105E-07
23.6936443,1.341105E-07
23.7073604,1.341105E-07
23.7182598,1.573935E-07
23.7315605,1.341105E-07
23.7477139,1.341105E-07
23.770403,1.825392E-07
23.7849559,1.341105E-07
23.8006117,1.341105E-07
23.822926,1.341105E-07
23.8451402,1.341105E-07
23.8679929,1.825392E-07
23.8812496,1.573935E-07
23.9076948,1.573935E-07
23.9198371,1.825392E-07
23.9319541,2.095476E-07
23.945179,2.095476E-07
23.9677483,1.573935E-07
23.991362,1.341105E-07
24.0131992,1.825392E-07
24.0349637,1.573935E-07
24.055827,1.573935E-07
24.0690547,1.573935E-07
24.083151,1.573935E-07
24.0966664,1.573935E-07
24.1110757,1.573935E-07
24.1267534,1.341105E-07
24.143886,1.573935E-07
24.1666901,1.573935E-07
24.1802147,1.573935E-07
24.2024423,1.573935E-07
24.2245665,1.1269E-07
24.2475078,1.341105E-07
24.2622458,1.573935E-07
24.2790878,3.72529E-07
24.3011641,1.341105E-07
24.3148203,2.691522E-07
24.3290804,3.362074E-07
24.3471351,3.362074E-07
24.3701737,1.573935E-07
24.3916597,4.507601E-07
24.4087849,1.573935E-07
24.4212305,1.1269E-07
24.448156,2.691522E-07
24.4595519,1.341105E-07
24.4730507,1.341105E-07
24.4931876,1.573935E-07
24.5160012,1.573935E-07
24.5323041,1.573935E-07
24.5465671,1.341105E-07
24.5690341,1.341105E-07
24.5834643,1.341105E-07
24.5946789,1.341105E-07
24.6153662,1.341105E-07
24.6379556,1.341105E-07
24.6598732,1.341105E-07
24.6781391,1.825392E-07
24.6995655,1.341105E-07
24.7138066,1.573935E-07
24.7278528,1.573935E-07
24.7409902,1.573935E-07
24.7611423,1.573935E-07
24.782781,1.573935E-07
24.8051605,1.573935E-07
24.8166815,1.1269E-07
24.8377599,1.341105E-07
24.8512715,1.573935E-07
24.866269,1.341105E-07
24.8777625,1.341105E-07
24.8900907,9.313226E-08
24.9054405,9.313226E-08
24.9176622,2.691522E-07
24.9409582,1.206994E-06
24.954023,8.381903E-07
24.9666816,8.381903E-07
24.9816026,1.642853E-06
24.9944287,1.642853E-06
25.0079653,1.642853E-06
25.0183555,2.616085E-06
25.041393,2.057292E-06
25.0653364,2.057292E-06
25.0831203,1.007318E-05
25.0978738,1.007318E-05
25.1118268,2.504885E-05
25.1231839,1.598243E-05
25.1350392,1.598243E-05
25.146384,1.147483E-05
25.1681556,1.231674E-05
25.1841746,3.934838E-06
25.1960709,3.934838E-06
25.2116453,3.934838E-06
25.2296816,1.478568E-05
25.2521028,3.934838E-06
25.2640988,1.274887E-05
25.2873144,1.341105E-05
25.2995459,3.241934E-06
25.3121189,1.416542E-06
25.3234936,1.416542E-06
25.339788,1.206994E-06
25.3551173,8.381903E-07
25.3703232,8.381903E-07
25.3841708,1.885928E-06
25.4087525,1.007318E-05
25.4201624,2.920628E-06
25.4418431,2.920628E-06
25.4643496,1.803041E-06
25.4920011,1.14087E-06
25.5046586,1.34483E-06
25.5201184,1.34483E-06
25.5394711,5.238689E-06
25.5508162,3.352761E-06
25.5623654,3.352761E-06
25.5761192,6.295741E-07
25.5986673,6.295741E-07
25.6209964,3.025867E-06
25.6428989,5.521812E-06
25.662881,4.306436E-06
25.6758002,1.416542E-06
25.6874506,1.416542E-06
25.7014107,1.34483E-06
25.7145609,1.34483E-06
25.7470122,8.95001E-07
25.7701689,2.095476E-07
25.7916821,1.573935E-07
25.8045022,3.362074E-07
25.8215551,3.362074E-07
25.8439942,4.507601E-07
25.8665775,1.01421E-06
25.8817736,6.295741E-07
25.8937851,2.057292E-06
25.9067857,2.057292E-06
25.9261959,1.01421E-06
25.9394028,1.14087E-06
25.9531214,8.95001E-07
25.9640334,8.95001E-07
25.9751507,2.236106E-06
25.9875914,2.236106E-06
26.0115073,4.507601E-07
26.0392607,3.017485E-07
26.056613,1.341105E-07
26.0782492,1.573935E-07
26.0942774,1.341105E-07
26.1076018,1.573935E-07
26.1192004,1.1269E-07
26.1308558,1.1269E-07
26.1477306,1.573935E-07
26.1693616,1.573935E-07
26.1899911,1.573935E-07
26.2021613,1.825392E-07
26.2233225,1.825392E-07
26.2480653,1.341105E-07
26.2691818,1.573935E-07
26.2854987,1.573935E-07
26.3121227,1.573935E-07
26.3243194,1.341105E-07
26.3486143,1.341105E-07
26.3788192,1.1269E-07
26.4119264,1.573935E-07
26.4276189,1.573935E-07
26.451094,1.341105E-07
26.4744975,1.573935E-07
26.4867637,1.573935E-07
26.5029121,1.341105E-07
26.5252416,1.573935E-07
26.5562108,1.341105E-07
26.570038,1.573935E-07
26.5897888,1.573935E-07
26.6138158,1.341105E-07
26.6259757,1.341105E-07
26.6621303,2.095476E-07
26.682538,1.573935E-07
26.7038727,1.341105E-07
26.7291514,1.341105E-07
26.7484883,1.573935E-07
26.7684767,1.573935E-07
26.7891002,1.341105E-07
26.8011749,1.341105E-07
26.8173314,1.341105E-07
26.8350899,1.825392E-07
26.8665793,1.825392E-07
26.9000366,1.341105E-07
26.9318406,1.341105E-07
26.9585428,1.1269E-07
26.9747964,1.825392E-07
26.9876958,1.573935E-07
27.008143,1.825392E-07
27.0388231,1.573935E-07
27.0545823,1.573935E-07
27.0723743,1.825392E-07
27.1033577,1.573935E-07
27.1178414,1.341105E-07
27.1370146,1.341105E-07
27.1692441,1.573935E-07
27.1902583,1.341105E-07
27.2057555,1.825392E-07
27.2197018,1.341105E-07
27.2465473,1.825392E-07
27.277317,1.1269E-07
27.3100169,1.341105E-07
27.3276319,1.573935E-07
27.3472194,1.1269E-07
27.377603,1.341105E-07
27.4108988,1.341105E-07
27.4399009,1.825392E-07
27.4728991,1.573935E-07
27.4887767,1.573935E-07
27.503477,1.573935E-07
27.5153189,1.341105E-07
27.5313045,1.341105E-07
27.5529209,1.341105E-07
27.5684043,1.573935E-07
27.6078622,1.341105E-07
27.6229535,1.341105E-07
27.6360289,1.341105E-07
27.6468835,1.573935E-07
27.6583633,1.341105E-07
27.6716008,1.341105E-07
27.6828754,1.573935E-07
27.7062151,1.573935E-07
27.7232225,1.573935E-07
27.735476,1.573935E-07
27.7586546,1.341105E-07
27.789121,1.573935E-07
27.8010853,1.341105E-07
27.8237727,1.573935E-07
27.8501445,1.341105E-07
27.8647806,2.384186E-07
27.877996,1.573935E-07
27.8995243,1.573935E-07
27.9215308,1.341105E-07
27.9437477,1.341105E-07
27.9550745,1.341105E-07
27.968267,1.206994E-06
27.9910178,1.747999E-05
28.0036958,0.001257513
28.0313187,0.001257513
28.0491693,0.001100422
28.0648731,0.003242824
28.0760242,0.003242824
28.0985342,0.002819672
28.1391984,0.003235877
28.1558539,0.002062082
28.1788473,0.002062082
28.2134894,0.001141288
28.227915,0.001516357
28.254942,0.002881587
28.2756085,0.0002403408
28.296785,4.029274E-05
28.3086089,1.046434E-05
28.3211056,1.14087E-06
28.338478,1.14087E-06
28.3763318,3.241934E-06
28.3981433,3.017485E-07
28.4248593,2.095476E-07
28.4683736,4.926696E-07
28.4915585,2.095476E-07
28.5138954,6.789342E-07
28.5414764,4.107133E-07
28.5550144,2.920628E-06
28.583392,2.920628E-06
28.6212817,2.328306E-06
28.6391347,1.076609E-06
28.6627244,3.72529E-07
28.6766687,5.364418E-07
28.7019682,1.573935E-07
28.7446578,1.341105E-07
28.7596729,7.543713E-08
28.7819893,2.691522E-07
28.8205822,1.825392E-07
28.8634438,1.1269E-07
28.8784822,1.341105E-07
28.8895569,1.341105E-07
28.9048375,1.573935E-07
28.9395453,1.573935E-07
28.9553869,1.341105E-07
28.971919,1.573935E-07
29.0067057,1.341105E-07
29.0457175,1.341105E-07
29.0601177,1.341105E-07
29.0813075,1.573935E-07
29.0952764,1.341105E-07
29.1214494,1.341105E-07
29.1333636,1.341105E-07
29.161373,1.341105E-07
29.1804834,1.573935E-07
29.1954478,1.573935E-07
29.2179285,1.573935E-07
29.2399837,1.573935E-07
29.2633643,1.341105E-07
29.2850435,1.341105E-07
29.2972874,1.341105E-07
29.3185622,1.341105E-07
29.3311676,1.341105E-07
29.3622663,1.825392E-07
29.3793075,1.341105E-07
29.3914873,1.341105E-07
29.4072616,1.341105E-07
29.4233141,1.825392E-07
29.4557274,1.825392E-07
29.4848098,1.341105E-07
29.516679,1.573935E-07
29.5476289,9.313226E-08
29.559541,1.573935E-07
29.5717838,1.573935E-07
29.586611,1.341105E-07
29.6093439,1.341105E-07
29.6313676,1.573935E-07
29.6538491,1.573935E-07
29.664801,1.825392E-07
29.6912279,1.825392E-07
29.7038487,1.1269E-07
29.7243234,1.341105E-07
29.7494068,1.341105E-07
29.7616049,1.573935E-07
29.7751676,1.341105E-07
29.7876136,1.341105E-07
29.8100379,1.573935E-07
29.8333399,1.341105E-07
29.8695427,1.1269E-07
29.8862232,1.341105E-07
29.9111511,1.341105E-07
29.949397,1.01421E-06
29.9690766,1.296774E-05
29.9880576,2.354477E-05
30.0260157,2.354477E-05
30.0260157,Stop recording
